1
100
1000
1001
1002
1003
1004
1005
1006
1007
1008
1009
101
1010
1011
1012
1013
1014
1015
1016
1017
1018
1019
102
1020
1021
1022
1023
1024
1025
1026
1027
1028
1029
103
1030
1031
1032
1033
1034
1035
1036
1037
1038
1039
104
1040
1041
1042
1043
1044
1045
1046
1047
1048
105
1051
1052
1053
1054
1055
1056
1057
1058
1059
106
1060
1061
1062
1064
1065
1066
1067
1069
107
1070
1072
1073
1074
1075
1076
1077
1078
1079
108
1080
1081
1082
1083
1084
1085
1086
1087
1088
1089
109
1090
1091
1092
1093
1094
1095
1096
1097
1098
1099
11
110
1100
1101
1102
1103
1104
1105
1106
1107
1108
1109
111
1110
1111
1112
1113
1114
1115
1116
1117
1118
1119
112
1120
1121
1122
1123
1124
1125
113
1132
1133
1134
1135
1136
1137
1138
1139
114
1140
1141
1142
1143
1144
1145
1147
1148
1149
115
1150
1151
1152
1153
1154
1155
1156
1157
1158
1159
116
1160
1161
1162
1163
1164
1165
1166
1167
1168
1169
117
1170
1171
1172
1173
1174
1175
1176
1177
1178
1179
118
1180
1181
1182
1183
1184
1185
1186
1187
1188
1189
119
1190
1191
1192
1193
1194
1195
1196
1197
1198
1199
12
120
1200
1201
1202
1203
1204
1205
1206
1207
1208
1209
1210
1211
1213
1214
1215
1216
1217
1218
1219
1220
1221
1222
1223
1224
1226
1227
1228
1229
123
1230
1232
1233
1234
1235
1236
1237
1238
1239
124
1240
1241
1242
1243
1244
1246
1248
1249
125
1250
1251
1252
1253
1254
1255
1256
1257
1258
1259
126
1260
1261
1262
1263
1264
1265
1266
1268
1269
127
1270
1271
1272
1273
1274
1275
1277
1278
128
1280
1281
1282
1283
1284
1285
1287
1289
129
1291
1292
1293
1294
1295
1296
1297
1298
1299
13
130
1301
1302
1303
1305
1306
1307
1308
1309
131
1310
1311
1312
1313
1314
1315
1316
1317
1319
132
1321
1322
1323
1324
1325
1326
1327
1328
1329
133
1330
1331
1332
1333
1334
1335
1336
1337
1338
134
1340
1341
1342
1343
1344
1346
1347
1348
1349
135
1350
1351
1352
1353
1354
1355
1356
1357
1358
1359
136
1360
1361
1362
1363
1364
1365
1366
1367
1368
1369
137
1370
1371
1372
1373
1374
1375
1376
1377
1378
1379
138
1380
1381
1382
1383
1384
1385
1386
1387
1388
1389
139
1393
1395
1396
1397
1398
1399
14
140
1400
1401
1402
1403
1404
1405
1406
1407
1408
1409
1410
1411
1412
1413
1414
1415
1416
1417
1418
1419
1420
1421
1422
1423
1424
1425
1426
1427
1428
1429
1430
1431
1432
1433
1434
1435
1436
1437
1439
1440
1441
1442
1443
1444
1445
1446
1447
1448
1449
145
1450
1452
1453
1454
1455
1456
1457
1458
1459
146
1460
1461
1462
1463
1464
1465
1466
1467
1468
1469
147
1470
1471
1472
1473
1474
1475
1476
1477
1478
1479
148
1480
1481
1482
1483
1484
1486
1487
1488
1489
149
1490
1491
1492
1493
1494
1495
1496
1497
1498
1499
150
1500
1501
1502
1503
1504
1505
1506
1507
1508
1509
151
1510
1511
1512
1513
1514
1515
1516
1517
1518
152
1520
1522
1523
1524
1525
1526
1527
153
1530
1531
1532
1533
1535
1537
1539
154
1542
1543
1544
1545
1546
1547
1548
1549
155
1550
1551
1552
1553
1554
1555
1556
1557
1558
1559
156
1563
1564
1565
1566
1568
1569
157
1570
1571
1572
1573
1574
1575
1576
1577
1578
1579
158
1580
1581
1582
1583
1584
1585
1587
1588
1589
159
1590
1591
1592
1593
1594
1595
1596
1597
1598
1599
16
1600
1602
1604
1605
1606
1607
1608
1609
161
1610
1611
1612
1613
1614
1615
1616
1617
1618
1619
162
1620
1621
1622
1623
1624
1625
1626
1627
1628
1629
163
1630
1631
1632
1633
1634
1635
1636
1637
1638
1639
164
1640
1643
1644
1645
1646
1647
1648
1649
1650
1651
1652
1653
1654
1655
1656
1657
1658
1659
1661
1663
1664
1665
1666
1667
1668
1669
167
1670
1671
1672
1673
1674
1675
1676
1677
1678
1679
168
1680
1681
1682
1683
1684
1685
1686
1687
1688
1689
169
1690
1691
1692
1693
1694
1696
1697
1698
1699
170
1700
1701
1703
1704
1705
1706
1709
171
1710
1711
1712
1713
1715
1716
1717
1718
1719
172
1720
1721
1722
1723
1724
1725
1726
1727
1728
1729
173
1730
1731
1732
1733
1734
1735
1736
1737
1738
1739
174
1740
1741
1742
1743
1744
1745
1746
1748
1749
175
1750
1751
1752
1753
1759
176
1760
1761
1762
1763
1765
1766
1767
1768
1769
177
1770
1771
1772
1774
1776
1777
1778
1780
1781
1782
1783
1784
1785
1786
1787
1788
1789
1790
1793
1794
1795
1796
1797
1798
1799
18
180
1800
1801
1803
1804
1805
1806
1807
1808
1809
181
1810
1813
1814
1815
182
1820
1821
1822
1823
1824
1825
1826
1827
1828
1829
183
1831
1835
1836
1837
1838
1839
184
1840
1841
1842
1843
1844
1845
1846
1847
1848
1849
185
1850
1851
1852
1853
1855
1856
1857
1858
1859
186
1860
1861
1862
1864
1865
1866
1868
1869
187
1870
1875
1876
1877
1878
1879
188
1880
1881
1882
1883
1884
1885
1886
1887
1888
189
1890
1891
1893
1894
1895
1896
1897
1898
1899
19
190
1900
1901
1902
1903
1904
1905
1906
1907
1908
1909
191
1910
1911
1912
1913
1914
1915
1916
1917
1918
1919
192
1920
1921
1922
1923
1924
1925
1926
1927
1928
1929
193
1930
1931
1932
1933
1934
1935
1936
1938
1939
194
1940
1941
1942
1943
1944
1945
1946
1947
1948
1949
195
1950
1951
1952
1953
1955
1957
1958
1959
196
1960
1961
1962
1963
1964
1965
1966
1967
1968
1969
197
1970
1971
1973
1976
1977
1978
1979
1980
1981
1983
1984
1985
1986
1987
1988
1989
199
1990
1991
1992
1993
1994
1995
1996
1997
1998
1999
2
20
2000
2001
2002
2004
2006
2007
2008
2009
2010
2011
2013
2014
2015
2016
2017
2018
2020
2021
2022
2024
2025
2026
2027
2029
203
2030
2033
2034
2035
2036
2037
2038
2039
204
2040
2041
2042
2043
2044
2045
2046
2047
2048
2049
205
2050
2051
2052
2053
2055
2057
2058
2059
206
2061
2063
2064
2065
2066
2067
2068
2069
207
2070
2071
2072
2073
2074
2075
2076
2077
2078
2079
208
2080
2081
2082
2083
2084
2085
2086
2087
2088
209
2090
2091
2094
2095
2096
2097
2098
2099
21
210
2100
2101
2102
2103
2104
2105
2106
2107
2108
2109
211
2112
2113
2114
2116
2118
2119
212
2120
2121
2122
2123
2124
2125
2126
2127
2128
2129
213
2130
2131
2132
2133
2134
2135
2136
2137
2138
2139
214
2140
2141
2142
2143
2144
2145
2146
2147
2148
2149
215
2150
2151
2152
2153
2154
2155
2156
2157
2158
2159
216
2160
2161
2162
2163
2164
2165
2166
2167
2168
2169
217
2171
2172
2173
2174
2175
2176
2177
2178
2179
218
2180
2181
2182
2183
2184
2185
2186
2188
2189
219
2190
2191
2192
2193
2194
2195
2196
2197
2198
2199
22
220
2200
2201
2202
2203
2204
2205
2206
2207
2208
2209
221
2210
2211
2212
2213
2214
2215
2216
2217
2218
2219
222
2220
2221
2222
2223
2224
2225
2226
2227
2228
2229
223
2230
2231
2232
2233
2234
2235
2236
2237
2238
2239
224
2240
2241
2242
2243
2244
2247
2248
2249
225
2250
2251
2252
2253
2254
2255
2256
2257
2258
2259
226
2260
2261
2262
2263
2264
2265
2266
2267
2268
2269
227
2270
2271
2272
2273
2274
2275
2276
2277
2278
2279
228
2280
2281
2282
2283
2284
2286
2287
2288
2289
229
2290
2291
2292
2293
2294
2296
2298
23
230
2301
2302
2303
2304
2305
2306
2307
2308
2309
231
2310
2311
2312
2313
2316
2317
2318
2319
232
2320
2321
2322
2323
2324
2325
2326
233
2330
2331
2332
2333
2334
2335
2336
2337
2338
2339
234
2340
2341
2342
2343
2344
2345
2348
2349
235
2350
2351
2352
2353
2354
2355
2356
2357
2358
2359
236
2360
2361
2362
2363
2364
2365
2366
2367
2369
237
2370
2371
2372
2373
2374
2376
2377
2378
2379
2380
2381
2382
2383
2384
2385
2386
2387
2388
2389
239
2390
2391
2392
2393
2394
2395
2396
2397
2398
2399
24
240
2400
2401
2402
2403
2405
2406
2407
2408
2409
241
2410
2411
2412
2413
2414
2415
2416
2417
2418
2419
242
2420
2421
2423
2424
2425
2426
2427
2428
2429
243
2430
2431
2434
2436
2437
2438
2439
244
2440
2441
2442
2443
2444
2445
2446
2447
2448
2449
245
2450
2451
2452
2453
2454
2455
2456
2457
2458
2459
246
2460
2461
2462
2463
2464
2465
2466
2467
2468
2469
247
2470
2471
2472
2474
2475
2476
2477
2478
248
2480
2481
2482
2483
2484
2485
2486
2489
2490
2491
2494
2495
2496
2497
2498
250
2503
2504
2505
2506
2507
2508
2509
251
2510
2511
2512
2513
2514
2515
2516
2517
2518
2519
252
2520
2521
2522
2523
2524
2525
2526
2527
2528
2529
253
2530
2531
2532
2533
2535
2536
2537
2538
2539
2540
2541
2543
2547
2548
2549
255
2550
2551
2552
2553
2554
2555
2556
2557
2558
256
2560
2561
2562
2563
2564
2565
2566
2568
2569
257
2570
2572
2574
2575
2576
2577
2578
2579
258
2580
2581
2582
2583
2584
2585
2586
2587
2588
2589
259
2590
2591
2592
2593
2595
2596
2597
2598
2599
260
2600
2601
2602
2603
2604
2605
2606
2607
2608
261
2610
2611
2612
2613
2614
2615
2616
2617
2618
2619
262
2620
2621
2622
2623
2625
2626
2627
2628
2629
263
2630
2631
2632
2633
2635
2636
2637
2638
264
2640
2641
2642
2643
2644
2645
2647
265
2651
2653
2654
2655
2656
2657
2658
2659
266
2660
2661
2662
2663
2664
2666
2667
2668
2669
2670
2671
2672
2673
2674
2675
2676
2677
2678
2679
268
2680
2681
2682
2683
2684
2685
2686
2687
2688
2689
269
2690
2691
2693
2694
2695
2696
2697
2698
270
2700
2701
2702
2703
2704
2705
2706
2707
2708
2709
271
2710
2712
2713
2714
2715
2716
2717
2718
2719
272
2720
2721
2722
2723
2724
2725
2726
2727
2728
2729
273
2730
2731
2732
2733
2734
2735
2736
2737
2738
2739
2740
2741
2742
2743
2744
2745
2747
2748
2749
2750
2751
2752
2756
2757
2758
2759
276
2760
2761
2762
2763
2764
2765
2766
2767
2768
2769
2770
2771
2772
2773
2777
2778
2779
278
2782
2783
2784
2785
2786
2787
2788
2790
2791
2792
2793
2794
2795
2796
2797
2798
2799
28
280
2800
2801
2802
2803
2804
2805
2806
2807
2808
2809
281
2810
2811
2812
2813
2814
2815
2816
2817
2818
2819
282
2820
2821
2822
2823
2824
2825
2828
2829
2830
2831
2832
2833
2835
2836
2838
2839
284
2840
2841
2842
2843
2844
2845
2846
2847
2848
2849
285
2850
2851
2852
2855
2856
2857
2858
2859
286
2860
2861
2862
2863
2864
2865
2866
2868
2869
287
2870
2871
2872
2873
2874
2875
2877
2878
2879
288
2880
2881
2882
2883
2884
2885
2886
2887
2888
2889
289
2890
2891
2892
2894
2895
2896
2897
2899
29
2900
2901
2903
2904
2905
2906
2907
2908
2909
2910
2916
2917
2918
292
2920
2921
2922
2923
2924
2925
2926
2927
2928
2929
293
2930
2931
2932
2933
2934
2935
2936
2937
2938
2939
294
2940
2941
2942
2943
2944
2945
2946
2947
2948
2949
295
2950
2951
2952
2953
2954
2955
2956
296
2960
2961
2962
2964
2965
2966
2967
2968
2969
297
2970
2971
2972
2973
2974
2975
2976
2977
2978
2979
298
2980
2981
2982
2983
2984
2985
2986
2987
2988
299
2990
2991
2992
2994
2996
2997
2999
3
30
300
3000
3001
3002
3003
3004
3005
3006
3007
3008
3009
3010
3011
3012
3013
3015
3016
3017
3018
3019
302
3020
3021
3022
3023
3026
3027
3028
3029
303
3030
3031
3032
3033
3034
3035
3036
3037
3038
3039
304
3040
3041
3042
3043
3044
3047
3048
305
3050
3051
3054
3055
3056
3057
306
3060
3061
3062
3063
3064
3065
3066
3067
3068
3069
307
3070
3071
3072
3073
3074
3075
3076
3077
3078
3079
308
3080
3081
3082
3083
3084
3085
3086
3087
3088
3089
309
3090
3091
3092
3093
3096
3097
3099
31
310
3100
3101
3102
3103
3104
3105
3107
3108
311
3110
3111
3112
3113
3114
3115
3116
3117
3119
312
3120
3121
3122
3124
3125
3126
3127
3128
3129
313
3131
3132
3134
3135
3136
3139
314
3140
3141
3142
3144
3145
3147
3148
3149
315
3150
3152
3154
3156
3157
3158
316
3160
3163
3165
3166
3167
3168
3169
317
3170
3171
3172
3173
3174
3175
3176
3177
3178
3179
3180
3181
3182
3183
3184
3185
3186
3187
3189
3190
3191
3192
3193
3194
3195
3196
3197
3198
3199
32
320
3200
3201
3203
3204
3205
3206
3207
3208
3209
321
3210
3211
3212
3213
3214
3215
3216
3217
3218
3219
322
3220
3221
3222
3223
3224
3225
3226
3227
3228
3229
323
3230
3231
3232
3233
3234
3235
3236
3237
3238
3239
324
3240
3241
3242
3243
3244
3245
3246
3247
3248
3249
325
3250
3251
3252
3253
3254
3255
3256
3257
3258
326
3260
3261
3264
3265
3266
3267
3268
3269
327
3270
3271
3272
3273
3274
3276
3277
3278
328
3280
3281
3282
3283
3284
3285
3286
3287
3288
3289
329
3290
3291
3292
3293
3294
3295
3296
3297
3298
3299
33
330
3300
3301
3302
3303
3304
3305
3306
3307
3308
3309
331
3310
3311
3312
3313
3314
3315
3316
3317
3318
3319
332
3320
3321
3322
3323
3324
3325
3326
3327
3328
3329
3330
3331
3332
3333
3334
3335
3336
3337
3338
3339
334
3340
3341
3342
3343
3344
3345
3346
3347
3350
3351
3352
3353
3354
3355
3356
3357
3359
336
3360
3365
3366
3367
3368
3369
337
3371
3373
3374
3375
3376
3377
3378
3379
338
3380
3381
3382
3383
3384
3385
3386
3387
3388
3389
3391
3392
3393
3394
3395
3398
3399
34
340
3403
3404
3405
3406
3407
3408
3409
341
3410
3411
3413
3414
3415
3416
3417
342
3421
3423
3424
3425
3426
3427
3428
3429
343
3430
3431
3432
3433
3434
3435
3436
3437
344
3440
3441
3443
3444
3445
3447
3448
3449
345
3450
3451
3452
3453
3454
3455
3456
3457
3458
3459
346
3460
3461
3462
3463
3464
3465
3466
3467
3468
3469
347
3470
3471
3472
3473
3476
3477
3478
3479
348
3481
3482
3483
3484
3485
3486
3487
3488
3489
349
3490
3491
3492
3493
3494
3495
3496
3497
3498
3499
35
350
3500
3501
3503
3504
3505
3506
3507
3508
3509
351
3510
3513
3514
3516
3518
352
3524
3525
3526
3527
3528
353
3530
3531
3533
3534
3535
3536
3537
3539
354
3540
3542
3544
3545
3546
3547
3548
3549
355
3550
3551
3552
3553
3554
3555
3556
3558
3559
356
3560
3561
3562
3563
3565
3566
3567
3568
3569
357
3570
3571
3572
3573
3574
3575
3576
3578
3579
358
3580
3581
3582
3583
3584
3585
3586
3587
3588
359
3592
3593
3594
3596
3597
3598
3599
36
360
3600
3601
3602
3603
3604
3605
3606
3607
361
3610
3611
3614
3615
3616
3617
362
3620
3621
3622
3623
3624
3625
3626
3627
3628
3629
363
3630
3631
3632
3633
3634
3635
3636
364
3640
3641
3644
3648
3649
365
3655
3657
3658
3659
366
3660
3661
3662
3663
3664
3665
3666
3668
367
3670
3671
3672
3673
3674
3676
3677
3678
3679
368
3683
3684
3685
3686
3687
3688
3689
369
3691
3692
3698
37
370
371
3711
3715
3716
3718
3719
372
3720
3726
3727
3729
373
3733
3734
3735
3736
3738
3739
374
3740
3741
3749
375
3752
3753
3756
3758
3759
376
3761
3762
3763
3765
3766
3767
3768
3769
377
3770
3771
3772
3773
3774
3775
3776
3777
3778
378
3787
3789
379
3790
3791
3792
3793
3794
3795
3796
3797
3798
38
380
3800
3801
3805
3807
3808
3809
381
3810
3811
3812
3813
3814
3815
3817
3818
3819
3820
3821
3822
3823
3824
3826
3827
3828
3829
383
3833
3834
3835
3836
3837
3838
384
3840
3844
3847
3848
3849
385
3850
3851
3853
3854
3855
3858
3859
386
3860
3861
3862
3863
3868
3869
387
3870
3871
3872
3873
3874
3875
3876
3877
3878
388
3880
3881
3882
3883
3884
3885
3886
3887
3888
3889
389
3890
3891
3892
3893
3894
3895
3898
3899
39
390
3900
3901
3902
3903
3906
3907
3908
3909
391
3910
3911
3912
3913
3914
3915
3916
3917
3918
392
3920
3921
3922
3923
3924
3925
3926
3927
3928
3929
393
3932
3933
3935
3936
3937
394
3940
3941
3942
3943
3944
3945
3946
3947
3948
3949
395
3950
3951
3952
3953
3954
3955
3956
3957
3959
396
3964
3965
3966
3967
3968
3969
397
3970
3972
3973
3975
3976
3977
3978
3979
398
3980
3983
3984
3985
3986
3987
3988
3989
399
3990
3991
3992
3993
3994
3995
3996
3997
3998
3999
4
40
4000
4001
4002
4003
4004
4005
4006
4007
4008
4009
4011
4012
4013
4014
4015
4016
4017
4018
4019
402
4020
4021
4022
4025
4026
4027
4032
4033
4034
4035
4036
4037
4038
4039
4040
4041
4042
4043
4044
4045
4046
4047
4048
4049
405
4056
4057
4058
406
4060
4061
4062
4063
4065
4066
4070
4071
4073
4074
4075
4076
4077
4078
408
4080
4081
4083
4084
4085
4086
4088
409
4090
4091
4092
4093
41
410
4100
4101
4102
4103
4105
4108
411
4112
4113
4114
4115
4118
4119
412
4120
4121
4122
4123
4124
4128
4129
413
4130
4131
4132
4133
4134
4135
4136
4137
4138
4139
414
4140
4141
4142
4143
4144
4145
4147
415
4150
4151
4152
4154
4156
4158
4159
416
4162
4163
4164
4165
4166
4167
4168
4169
417
4170
4171
4173
4174
4175
4179
418
4180
4181
4182
4183
4184
4185
4186
4187
4188
419
4190
4192
4194
4195
4196
4197
4198
42
420
4204
4205
4207
421
4210
4213
4217
4218
4219
422
4220
4221
4222
4223
423
4230
4232
4233
4234
4235
4237
4238
4239
424
4242
4244
4245
4246
4247
425
426
4264
4265
4266
4267
4268
4269
427
4270
4273
4274
4278
4279
428
4280
4281
4282
4283
4284
4285
4287
4288
4289
4290
4291
4292
4293
4295
4299
430
4300
4301
4302
4303
4306
4307
4308
4309
431
4311
4312
4313
4314
4315
4317
4318
4319
432
4320
4321
4322
4323
4324
4325
4326
4327
433
4331
4333
4334
4337
4338
434
4340
4341
435
4352
4353
4354
4355
4358
4359
436
4360
4361
4362
4363
4364
4365
4366
4367
4368
4369
437
4370
4371
4372
4373
4374
4375
4376
4377
4378
4379
438
4380
4381
4382
4383
4384
4385
4386
4387
4389
439
4390
4391
4392
4393
4394
4395
4396
4397
4398
44
440
4400
4402
4403
4404
4405
4406
4407
4408
4409
441
4410
4411
4412
4413
4414
4415
4416
4417
4418
4419
442
4420
4421
4423
4424
4425
4426
4427
4428
4429
443
4430
4431
4432
4433
4434
4435
4436
4437
444
4441
4442
4443
4444
4445
4446
4447
4448
4449
445
4450
4451
4454
4455
4456
4457
4458
4459
446
4460
4462
447
4473
4474
4475
4477
4478
4479
448
4481
4482
4484
4485
4486
4488
4489
449
4490
4491
4492
4493
4494
4495
4496
4497
4499
45
4500
4501
4502
4503
4504
4505
4506
4507
4508
4509
451
4510
4511
4512
4513
4514
4515
4516
4517
4518
4519
452
4520
4521
4522
4523
4524
4525
4528
4529
453
4530
4531
4532
4533
4534
4535
4536
4537
4538
4539
454
4540
4541
4542
4543
4544
4545
4546
4547
4548
4549
455
4550
4551
4552
4555
4556
4559
456
4560
4561
4562
4563
4564
4565
4566
4567
4568
4569
457
4570
4571
4575
4576
4577
4578
4579
458
4580
4581
4582
4583
4584
4585
4586
4587
459
4591
4594
4595
4596
4597
4598
4599
46
460
4600
4601
4602
4603
4608
4609
461
4611
4612
4613
4615
4616
4617
4618
4619
462
4620
4621
4622
4623
4624
4625
4626
4627
4628
4629
463
4630
4632
4633
4634
4635
4636
4637
4639
464
4640
4641
4642
4643
4644
4645
4646
4647
4648
465
4651
4652
4653
4654
4655
4656
4657
4658
4659
466
4660
4661
4662
4663
4664
4665
4669
467
4670
4671
4673
4674
4675
4676
4677
4678
4679
468
4680
4681
4682
4683
4684
4685
4686
4687
4689
469
4691
4692
4693
4694
4696
4697
4698
4699
47
470
4700
4701
4702
4704
4705
4706
4707
4708
4709
471
4710
4711
4712
4713
4714
4715
4716
4717
472
4721
4728
473
4730
4731
4733
4735
4736
4737
474
4740
4742
4743
4744
4745
4746
4747
4748
4749
475
4751
4752
4754
4755
4756
4757
4758
476
4760
4761
4762
4763
4764
4765
4766
477
4770
4771
4772
4777
478
4780
4781
4782
4783
4784
4785
4786
4787
4788
4789
479
4790
4791
4792
4793
4794
4795
48
480
4802
4805
4806
4807
4808
4809
481
4810
4811
4812
4814
4815
4816
482
4825
4826
4827
4828
483
4831
4832
4833
4834
4837
4838
4839
484
4840
4841
4842
4843
4844
4845
4846
4849
485
4850
4853
4858
4859
486
4861
4864
4865
4866
4867
4868
4869
487
4871
4877
4878
4879
488
4880
4881
4884
4885
4886
4887
4889
489
4890
4891
4892
4893
4894
4895
4896
4897
4898
49
490
4900
4901
4902
4903
491
4910
4911
4912
4913
4914
4915
4916
4917
492
4920
4921
4922
4923
4924
493
4931
4932
4934
4935
494
4946
4947
4948
4949
495
4950
4951
4953
4954
4955
4956
4957
4958
4959
496
4966
4968
497
4973
4974
4975
4976
4977
4978
4979
498
4980
4981
4982
4983
4984
4985
499
5
50
500
5007
5008
5009
501
5010
5011
5012
5014
5015
5016
5017
5018
5019
502
5020
5021
5022
5023
5027
5028
5029
503
5030
5031
5032
5033
5036
5037
5038
5039
504
5040
5045
5046
505
5050
5051
5052
5053
5054
5055
5056
5057
5058
5059
506
5061
5064
5065
507
5072
5073
5074
5076
5077
5078
5079
508
5080
5081
5082
5083
5084
5085
5086
5087
5089
509
5094
5097
5098
5099
51
510
5100
5102
5104
5105
5108
5109
511
5110
5111
5112
5113
5114
5115
5116
5118
512
5124
5125
5127
5128
513
5133
5134
5135
5138
514
5140
5141
5144
5145
5146
5147
5148
515
5150
5153
5154
5159
516
5160
5163
5167
517
5173
5175
5178
5179
518
5180
5181
5182
5183
5184
5185
5186
5187
5188
5192
5197
5198
5199
52
520
5202
5203
5204
5207
5208
5209
521
5210
5211
5212
5213
5214
5215
5217
5218
522
5221
5222
5223
523
5230
5231
5232
5233
5234
5235
5236
5238
524
5244
5245
525
5253
5256
526
527
528
529
5296
5297
5298
53
530
5300
5301
5309
5311
5312
5316
5317
5318
532
5321
5322
5323
5324
5325
5326
5327
5328
5329
533
5330
5331
5332
5333
5335
5336
5337
5338
5339
534
5342
5345
5346
5347
5348
5349
535
5350
5351
5352
5353
5354
5355
5356
5358
5359
536
5360
5361
5362
5363
5365
5367
5368
537
5370
5371
5376
5377
5378
5379
538
5380
5381
5382
5383
5384
5385
5386
5387
5390
5394
5395
5396
5397
5398
5399
54
540
5400
5401
5402
5403
5404
5405
5407
5408
5409
541
5411
5412
5413
5414
5415
5416
5417
5418
5419
542
5420
5421
5423
5424
5425
5426
5427
543
5436
5437
544
5442
5443
5447
5449
545
5451
5452
5453
5454
5456
5458
5459
546
5460
5461
5462
5466
5467
547
5471
5472
5473
548
5482
5483
5484
5485
5486
5487
5489
549
5490
5491
550
5505
5506
5507
551
5510
5511
5512
5514
5515
5516
5517
552
5520
5521
5523
5524
553
5531
5532
5533
5534
5535
5536
554
5540
5541
5542
5543
5544
5545
5547
5548
5549
555
5550
5558
556
5560
5561
5562
5564
5566
5568
5569
557
5570
5571
5572
5573
5574
558
5589
559
5591
5592
5593
5594
5595
5596
5597
5598
5599
56
560
5600
5601
5602
5603
5604
5605
5606
5607
5608
5609
561
5610
5611
5612
5617
5618
5619
562
5620
5621
5623
5624
5625
5626
5627
563
5632
5633
5634
5635
5636
5638
5639
564
5640
5641
5642
5643
5645
5646
5649
565
5650
5651
5652
5654
5657
5658
5659
566
5660
5661
5662
5663
5665
5667
5671
5678
5679
5682
5683
5684
5685
5686
5687
5688
5689
569
5690
5691
5692
5693
5694
5695
5696
5698
57
570
5700
5702
5703
5704
5705
5706
5707
5708
5709
571
5710
5713
5714
5715
5716
5717
5718
5719
572
5720
5721
5722
5726
5727
573
5731
5738
5739
574
5741
5743
5744
5746
5747
575
5751
5752
5758
5759
5761
5768
577
5771
5772
5774
5775
5776
5777
578
5781
5787
5788
5789
579
5790
5791
5792
5793
5796
5798
5799
58
580
5800
5802
5803
5804
5805
5806
5807
5808
5809
581
5810
5811
5812
5813
5814
5815
5816
5817
582
5820
5821
5822
5823
5825
5827
583
5832
5833
5837
5838
5839
584
5841
5844
5845
5846
5847
5848
585
5850
5851
5852
5853
5856
5859
586
5860
5862
5864
5865
5866
5867
5868
5869
587
5870
5871
5872
5875
5876
5878
5879
588
5880
5881
5882
5883
5884
5887
5888
5889
589
5890
5891
5892
5893
5894
5895
59
590
5907
591
5911
5912
592
593
594
596
598
599
6
60
600
601
602
603
604
605
606
607
608
609
61
611
612
613
614
615
616
617
618
619
62
620
621
622
623
624
625
626
627
6272
628
629
63
630
631
632
633
634
635
636
637
638
639
640
641
642
643
644
6446
6447
645
646
647
649
65
650
651
652
653
654
655
656
657
658
659
66
660
661
662
663
664
665
666
667
668
669
670
671
672
673
674
675
676
678
679
68
680
681
682
683
684
685
686
687
688
689
69
690
691
692
693
694
695
696
697
698
699
7
70
700
701
702
703
704
705
706
707
708
709
71
710
711
712
715
716
717
718
719
72
720
721
722
725
726
727
728
729
73
730
731
732
733
734
735
736
737
738
7396
74
740
743
745
751
752
753
754
755
756
757
758
759
76
760
761
762
763
764
765
766
767
768
769
77
770
771
773
774
776
777
778
779
78
780
781
782
784
785
786
787
788
789
79
790
791
792
793
794
795
796
797
798
799
8
800
801
802
803
805
806
807
808
809
81
810
811
812
813
814
815
816
817
818
819
82
820
821
822
823
824
825
826
827
828
829
83
830
831
832
833
834
835
837
838
839
84
840
841
842
843
844
845
846
847
848
849
85
850
851
852
853
854
855
857
858
859
86
860
861
862
863
865
866
867
868
869
87
870
871
872
873
874
875
876
877
878
879
88
880
881
882
883
884
885
886
887
888
889
89
890
891
892
893
894
895
896
897
898
899
90
900
901
903
904
905
906
907
909
910
911
912
913
914
915
916
917
918
919
92
920
921
922
923
924
925
926
927
928
929
93
930
931
932
933
934
935
936
937
938
939
940
941
942
943
944
945
946
947
950
952
953
955
956
957
958
959
96
960
961
962
963
965
966
967
968
969
97
970
971
974
975
976
977
978
979
98
980
981
982
983
984
985
986
987
988
989
99
990
991
993
994
999
par_8_06002
par_8_06003
par_8_06005
par_8_06012
par_8_06015
par_8_06026
par_8_06029
par_8_06032
par_8_06034
par_8_06036
par_8_06037
par_8_06038
par_8_06039
par_8_06040
par_8_06041
par_8_06042
par_8_06043
par_8_06044
par_8_06045
par_8_06046
par_8_06047
par_8_06048
par_8_06049
par_8_06050
par_8_06051
par_8_06052
par_8_06053
par_8_06054
par_8_06055
par_8_06057
par_8_06058
par_8_06060
par_8_06061
par_8_06062
par_8_06063
par_8_06064
par_8_06065
par_8_06066
par_8_06067
par_8_06068
par_8_06069
par_8_06070
par_8_06071
par_8_06072
par_8_06073
par_8_06074
par_8_06075
par_8_06077
par_8_06078
par_8_06079
par_8_06082
par_8_06083
par_8_06084
par_8_06085
par_8_06086
par_8_06087
par_8_06088
par_8_06089
par_8_06090
par_8_06091
par_8_06092
par_8_06093
par_8_06094
par_8_06096
par_8_06098
par_8_06103
par_8_06104
par_8_06105
par_8_06106
par_8_06107
par_8_06108
par_8_06109
par_8_06111
par_8_06113
par_8_06114
par_8_06115
par_8_06117
par_8_06118
par_8_06119
par_8_06120
par_8_06121
par_8_06123
par_8_06125
par_8_06126
par_8_06127
par_8_06128
par_8_06129
par_8_06130
par_8_06131
par_8_06132
par_8_06133
par_8_06136
par_8_06137
par_8_06138
par_8_06140
par_8_06141
par_8_06142
par_8_06145
par_8_06146
par_8_06147
par_8_06149
par_8_06150
par_8_06152
par_8_06158
par_8_06161
par_8_06163
par_8_06164
par_8_06165
par_8_06166
par_8_06170
par_8_06173
par_8_06174
par_8_06175
par_8_06176
par_8_06177
par_8_06178
par_8_06179
par_8_06180
par_8_06181
par_8_06182
par_8_06183
par_8_06184
par_8_06185
par_8_06186
par_8_06187
par_8_06188
par_8_06189
par_8_06192
par_8_06193
par_8_06196
par_8_06197
par_8_06198
par_8_06199
par_8_06200
par_8_06201
par_8_06203
par_8_06205
par_8_06206
par_8_06208
par_8_06211
par_8_06212
par_8_06215
par_8_06216
par_8_06218
par_8_06225
par_8_06226
par_8_06227
par_8_06228
par_8_06229
par_8_06230
par_8_06232
par_8_06233
par_8_06234
par_8_06235
par_8_06236
par_8_06237
par_8_06238
par_8_06239
par_8_06240
par_8_06242
par_8_06244
par_8_06245
par_8_06248
par_8_06249
par_8_06250
par_8_06251
par_8_06252
par_8_06253
par_8_06254
par_8_06255
par_8_06256
par_8_06257
par_8_06258
par_8_06259
par_8_06260
par_8_06261
par_8_06262
par_8_06268
par_8_06272
par_8_06275
par_8_06276
par_8_06277
par_8_06278
par_8_06279
par_8_06280
par_8_06281
par_8_06283
par_8_06284
par_8_06285
par_8_06286
par_8_06287
par_8_06289
par_8_06291
par_8_06292
par_8_06293
par_8_06294
par_8_06295
par_8_06296
par_8_06297
par_8_06298
par_8_06299
par_8_06301
par_8_06310
par_8_06315
par_8_06316
par_8_06317
par_8_06318
par_8_06319
par_8_06320
par_8_06321
par_8_06322
par_8_06323
par_8_06324
par_8_06325
par_8_06326
par_8_06327
par_8_06328
par_8_06329
par_8_06330
par_8_06331
par_8_06332
par_8_06333
par_8_06334
par_8_06347
par_8_06348
par_8_06349
par_8_06352
par_8_06354
par_8_06361
par_8_06362
par_8_06363
par_8_06364
par_8_06365
par_8_06366
par_8_06367
par_8_06368
par_8_06369
par_8_06370
par_8_06371
par_8_06372
par_8_06373
par_8_06376
par_8_06377
par_8_06378
par_8_06379
par_8_06380
par_8_06381
par_8_06382
par_8_06383
par_8_06384
par_8_06386
par_8_06388
par_8_06389
par_8_06390
par_8_06391
par_8_06393
par_8_06395
par_8_06396
par_8_06397
par_8_06398
par_8_06405
par_8_06413
par_8_06414
par_8_06415
par_8_06416
par_8_06417
par_8_06418
par_8_06419
par_8_06420
par_8_06421
par_8_06424
par_8_06429
par_8_06444
par_8_06445
par_8_06446
par_8_06447
par_8_06457
par_8_06458
par_8_06466
par_8_06468
par_8_06475
par_8_06476
par_8_06478
par_8_06479
par_8_06480
par_8_06496
par_8_06507
par_8_06508
par_8_06510
par_8_06511
par_8_06513
par_8_06514
par_8_06515
par_8_06516
par_8_06518
par_8_06523
par_8_06524
par_8_06547
par_8_06549
par_8_06563
par_8_06565
par_8_06566
par_8_06567
par_8_06568
par_8_06569
par_8_06570
par_8_06571
par_8_06572
par_8_06573
par_8_06574
par_8_06575
par_8_06576
par_8_06581
par_8_06582
par_8_06584
par_8_06585
par_8_06586
par_8_06587
par_8_06588
par_8_06589
par_8_06590
par_8_06592
par_8_06593
par_8_06594
par_8_06595
par_8_06596
par_8_06598
par_8_06599
par_8_06600
par_8_06601
par_8_06602
par_8_06607
par_8_06608
par_8_06609
par_8_06611
par_8_06618
par_8_06619
par_8_06620
par_8_06622
par_8_06623
par_8_06624
par_8_06625
par_8_06627
par_8_06628
par_8_06631
par_8_06633
par_8_06635
par_8_06636
par_8_06637
par_8_06638
par_8_06640
par_8_06641
par_8_06642
par_8_06643
par_8_06644
par_8_06645
par_8_06647
par_8_06648
par_8_06649
par_8_06650
par_8_06651
par_8_06652
par_8_06653
par_8_06654
par_8_06655
par_8_06656
par_8_06657
par_8_06658
par_8_06659
par_8_06660
par_8_06661
par_8_06664
par_8_06665
par_8_06666
par_8_06667
par_8_06669
par_8_06672
par_8_06673
par_8_06680
par_8_06681
par_8_06682
par_8_06684
par_8_06686
par_8_06687
par_8_06688
par_8_06689
par_8_06690
par_8_06691
par_8_06692
par_8_06693
par_8_06694
par_8_06695
par_8_06697
par_8_06698
par_8_06701
par_8_06704
par_8_06705
par_8_06706
par_8_06707
par_8_06719
par_8_06722
par_8_06723
par_8_06724
par_8_06725
par_8_06726
par_8_06727
par_8_06728
par_8_06729
par_8_06730
par_8_06731
par_8_06732
par_8_06733
par_8_06734
par_8_06735
par_8_06736
par_8_06737
par_8_06738
par_8_06739
par_8_06740
par_8_06741
par_8_06743
par_8_06744
par_8_06745
par_8_06746
par_8_06747
par_8_06749
par_8_06750
par_8_06751
par_8_06752
par_8_06753
par_8_06755
par_8_06756
par_8_06757
par_8_06758
par_8_06759
par_8_06761
par_8_06762
par_8_06763
par_8_06766
par_8_06767
par_8_06768
par_8_06769
par_8_06770
par_8_06771
par_8_06772
par_8_06773
par_8_06777
par_8_06778
par_8_06780
par_8_06782
par_8_06783
par_8_06785
par_8_06786
par_8_06787
par_8_06788
par_8_06790
par_8_06791
par_8_06792
par_8_06793
par_8_06794
par_8_06795
par_8_06796
par_8_06797
par_8_06799
par_8_06803
par_8_06804
par_8_06805
par_8_06806
par_8_06807
par_8_06808
par_8_06809
par_8_06810
par_8_06811
par_8_06812
par_8_06813
par_8_06814
par_8_06815
par_8_06817
par_8_06818
par_8_06819
par_8_06821
par_8_06823
par_8_06825
par_8_06827
par_8_06829
par_8_06831
par_8_06832
par_8_06836
par_8_06838
par_8_06839
par_8_06840
par_8_06841
par_8_06842
par_8_06843
par_8_06859
par_8_06860
par_8_06861
par_8_06862
par_8_06863
par_8_06864
par_8_06865
par_8_06878
par_8_06879
par_8_06880
par_8_06881
par_8_06882
par_8_06883
par_8_06884
par_8_06885
par_8_06903
par_8_06948
par_8_06949
par_8_06952
par_8_06957
par_8_06959
par_8_06960
par_8_06961
par_8_06964
par_8_06965
par_8_06966
par_8_06967
par_8_06968
par_8_06969
par_8_06976
par_8_06978
par_8_06980
par_8_07017
par_8_07019
par_8_07020
par_8_07021
par_8_07022
par_8_07023
par_8_07024
par_8_07025
par_8_07043
par_8_07044
par_8_07047
par_8_07049
par_8_07050
par_8_07051
par_8_07056
par_8_07057
par_8_07058
par_8_07059
par_8_07061
par_8_07063
par_8_07067
par_8_07077
par_8_07084
par_8_07096
par_8_07099
par_8_07101
par_8_07102
par_8_07103
par_8_07105
par_8_07106
par_8_07109
par_8_07110
par_8_07112
par_8_07113
par_8_07114
par_8_07115
par_8_07116
par_8_07117
par_8_07118
par_8_07119
par_8_07120
par_8_07121
par_8_07122
par_8_07123
par_8_07124
par_8_07125
par_8_07126
par_8_07127
par_8_07128
par_8_07129
par_8_07130
par_8_07132
par_8_07133
par_8_07134
par_8_07136
par_8_07137
par_8_07139
par_8_07140
par_8_07141
par_8_07142
par_8_07145
par_8_07146
par_8_07147
par_8_07148
par_8_07150
par_8_07151
par_8_07152
par_8_07153
par_8_07155
par_8_07156
par_8_07157
par_8_07158
par_8_07159
par_8_07160
par_8_07161
par_8_07162
par_8_07163
par_8_07164
par_8_07165
par_8_07166
par_8_07167
par_8_07169
par_8_07170
par_8_07171
par_8_07173
par_8_07175
par_8_07179
par_8_07182
par_8_07183
par_8_07192
par_8_07205
par_8_07207
par_8_07208
par_8_07209
par_8_07210
par_8_07212
par_8_07217
par_8_07219
par_8_07228
par_8_07236
par_8_07237
par_8_07238
par_8_07241
par_8_07242
par_8_07243
par_8_07244
par_8_07245
par_8_07246
par_8_07247
par_8_07248
par_8_07249
par_8_07250
par_8_07252
par_8_07254
par_8_07255
par_8_07256
par_8_07257
par_8_07260
par_8_07261
par_8_07262
par_8_07265
par_8_07270
par_8_07271
par_8_07272
par_8_07273
par_8_07274
par_8_07275
par_8_07276
par_8_07277
par_8_07279
par_8_07280
par_8_07281
par_8_07282
par_8_07283
par_8_07286
par_8_07287
par_8_07288
par_8_07289
par_8_07290
par_8_07291
par_8_07292
par_8_07293
par_8_07295
par_8_07296
par_8_07297
par_8_07299
par_8_07300
par_8_07301
par_8_07302
par_8_07304
par_8_07305
par_8_07306
par_8_07307
par_8_07312
par_8_07313
par_8_07324
par_8_07325
par_8_07326
par_8_07327
par_8_07333
par_8_07335
par_8_07345
par_8_07347
par_8_07348
par_8_07349
par_8_07350
par_8_07354
par_8_07355
par_8_07356
par_8_07357
par_8_07359
par_8_07360
par_8_07361
par_8_07363
par_8_07364
par_8_07365
par_8_07369
par_8_07370
par_8_07373
par_8_07374
par_8_07375
par_8_07376
par_8_07377
par_8_07378
par_8_07384
par_8_07385
par_8_07386
par_8_07388
par_8_07391
par_8_07392
par_8_07394
par_8_07395
par_8_07396
par_8_07407
par_8_07408
par_8_07410
par_8_07414
par_8_07415
par_8_07430
par_8_07433
par_8_07439
par_8_07440
par_8_07441
par_8_07442
par_8_07443
par_8_07444
par_8_07446
par_8_07447
par_8_07448
par_8_07449
par_8_07450
par_8_07451
par_8_07452
par_8_07453
par_8_07454
par_8_07455
par_8_07456
par_8_07461
par_8_07462
par_8_07464
par_8_07465
par_8_07466
par_8_07467
par_8_07468
par_8_07469
par_8_07470
par_8_07500
par_8_07501
par_8_07502
par_8_07503
par_8_07504
par_8_07505
par_8_07506
par_8_07507
par_8_07508
par_8_07509
par_8_07511
par_8_07512
par_8_07513
par_8_07514
par_8_07515
par_8_07516
par_8_07517
par_8_07518
par_8_07519
par_8_07520
par_8_07521
par_8_07522
par_8_07523
par_8_07524
par_8_07525
par_8_07526
par_8_07527
par_8_07528
par_8_07529
par_8_07536
par_8_07537
par_8_07538
par_8_07539
par_8_07543
par_8_07544
par_8_07547
par_8_07548
par_8_07549
par_8_07562
par_8_07567
par_8_07570
par_8_07571
par_8_07572
par_8_07586
par_8_07587
par_8_07588
par_8_07589
par_8_07603
par_8_07604
par_8_07605
par_8_07609
par_8_07614
par_8_07615
par_8_07616
par_8_07617
par_8_07622
par_8_07627
par_8_07638
par_8_07640
par_8_07641
par_8_07642
par_8_07644
par_8_07645
par_8_07654
par_8_07655
par_8_07656
par_8_07657
par_8_07658
par_8_07659
par_8_07660
par_8_07661
par_8_07670
par_8_07671
par_8_07672
par_8_07677
par_8_07687
par_8_07688
par_8_07689
par_8_07690
par_8_07691
par_8_07693
par_8_07694
par_8_07695
par_8_07696
par_8_07697
par_8_07698
par_8_07699
par_8_07701
par_8_07702
par_8_07703
par_8_07705
par_8_07712
par_8_07713
par_8_07714
par_8_07715
par_8_07716
par_8_07717
par_8_07718
par_8_07719
par_8_07720
par_8_07721
par_8_07725
par_8_07726
par_8_07727
par_8_07730
par_8_07731
par_8_07732
par_8_07733
par_8_07739
par_8_07740
par_8_07741
par_8_07742
par_8_07743
par_8_07744
par_8_07745
par_8_07746
par_8_07748
par_8_07749
par_8_07750
par_8_07751
par_8_07752
par_8_07754
par_8_07755
par_8_07756
par_8_07757
par_8_07758
par_8_07759
par_8_07760
par_8_07761
par_8_07762
par_8_07763
par_8_07764
par_8_07765
par_8_07766
par_8_07769
par_8_07770
par_8_07771
par_8_07772
par_8_07773
par_8_07779
par_8_07780
par_8_07781
par_8_07784
par_8_07862
par_8_07863
par_8_07864
par_8_07865
par_8_07866
par_8_07867
par_8_07868
par_8_07869
par_8_07870
par_8_07871
par_8_07874
par_8_07875
par_8_07878
par_8_07879
par_8_07880
par_8_07881
par_8_07882
par_8_07883
par_8_07884
par_8_07886
par_8_07887
par_8_07888
par_8_07889
par_8_07890
par_8_07891
par_8_07892
par_8_07893
par_8_07894
par_8_07895
par_8_07896
par_8_07897
par_8_07898
par_8_07899
par_8_07900
par_8_07901
par_8_07902
par_8_07904
par_8_07905
par_8_07907
par_8_07908
par_8_07909
par_8_07910
par_8_07911
par_8_07912
par_8_07913
par_8_07914
par_8_07915
par_8_07916
par_8_07917
par_8_07920
par_8_07922
par_8_07923
par_8_07924
par_8_07925
par_8_07926
par_8_07927
par_8_07928
par_8_07929
par_8_07931
par_8_07932
par_8_07933
par_8_07934
par_8_07936
par_8_07937
par_8_07938
par_8_07939
par_8_07944
par_8_07947
par_8_07948
par_8_07949
par_8_07950
par_8_07951
par_8_07952
par_8_07953
par_8_07954
par_8_07955
par_8_07957
par_8_07958
par_8_07959
par_8_07960
par_8_07961
par_8_07962
par_8_07963
par_8_07964
par_8_07965
par_8_07966
par_8_07969
par_8_07971
par_8_07972
par_8_07973
par_8_07974
par_8_07975
par_8_07977
par_8_07978
par_8_07979
par_8_07980
par_8_07981
par_8_07982
par_8_07983
par_8_07984
par_8_07985
par_8_07989
par_8_07990
par_8_07992
par_8_07993
par_8_07994
par_8_07995
par_8_07997
par_8_07998
par_8_07999
par_8_08000
par_8_08007
par_8_08008
par_8_08009
par_8_08010
par_8_08011
par_8_08012
par_8_08014
par_8_08015
par_8_08016
par_8_08017
par_8_08019
par_8_08020
par_8_08021
par_8_08022
par_8_08023
par_8_08024
par_8_08025
par_8_08029
par_8_08032
par_8_08033
par_8_08035
par_8_08041
par_8_08042
par_8_08043
par_8_08046
par_8_08048
par_8_08049
par_8_08052
par_8_08053
par_8_08057
par_8_08059
par_8_08122
par_8_08123
par_8_08124
par_8_08125
par_8_08126
par_8_08128
par_8_08129
par_8_08130
par_8_08131
par_8_08132
par_8_08133
par_8_08137
par_8_08140
par_8_08145
par_8_08146
par_8_08147
par_8_08154
par_8_08155
par_8_08156
par_8_08157
par_8_08158
par_8_08159
par_8_08160
par_8_08161
par_8_08162
par_8_08163
par_8_08164
par_8_08165
par_8_08166
par_8_08167
par_8_08168
par_8_08169
par_8_08170
par_8_08171
par_8_08172
par_8_08173
par_8_08174
par_8_08175
par_8_08176
par_8_08177
par_8_08179
par_8_08180
par_8_08181
par_8_08182
par_8_08183
par_8_08191
par_8_08192
par_8_08195
par_8_08196
par_8_08198
par_8_08199
par_8_08203
par_8_08205
par_8_08206
par_8_08212
par_8_08213
par_8_08214
par_8_08215
par_8_08216
par_8_08217
par_8_08218
par_8_08223
par_8_08225
par_8_08226
par_8_08229
par_8_08230
par_8_08231
par_8_08232
par_8_08233
par_8_08234
par_8_08235
par_8_08236
par_8_08237
par_8_08239
par_8_08240
par_8_08241
par_8_08242
par_8_08243
par_8_08244
par_8_08245
par_8_08246
par_8_08247
par_8_08248
par_8_08249
par_8_08250
par_8_08251
par_8_08252
par_8_08253
par_8_08254
par_8_08255
par_8_08256
par_8_08257
par_8_08258
par_8_08259
par_8_08261
par_8_08262
par_8_08264
par_8_08265
par_8_08266
par_8_08267
par_8_08268
par_8_08269
par_8_08270
par_8_08271
par_8_08273
par_8_08275
par_8_08276
par_8_08278
par_8_08279
par_8_08280
par_8_08282
par_8_08283
par_8_08284
par_8_08285
par_8_08286
par_8_08288
par_8_08290
par_8_08291
par_8_08292
par_8_08293
par_8_08294
par_8_08295
par_8_08296
par_8_08297
par_8_08298
par_8_08299
par_8_08300
par_8_08301
par_8_08302
par_8_08308
par_8_08309
par_8_08311
par_8_08312
par_8_08313
par_8_08315
par_8_08316
par_8_08317
par_8_08318
par_8_08319
par_8_08320
par_8_08321
par_8_08323
par_8_08324
par_8_08325
par_8_08326
par_8_08332
par_8_08333
par_8_08335
par_8_08336
par_8_08337
par_8_08339
par_8_08340
par_8_08341
par_8_08342
par_8_08343
par_8_08344
par_8_08345
par_8_08346
par_8_08347
par_8_08348
par_8_08349
par_8_08352
par_8_08353
par_8_08357
par_8_08358
par_8_08359
par_8_08360
par_8_08361
par_8_08362
par_8_08366
par_8_08367
par_8_08372
par_8_08376
par_8_08377
par_8_08380
par_8_08381
par_8_08393
par_8_08394
par_8_08395
par_8_08396
par_8_08397
par_8_08398
par_8_08399
par_8_08400
par_8_08401
par_8_08402
par_8_08403
par_8_08404
par_8_08405
par_8_08406
par_8_08407
par_8_08408
par_8_08409
par_8_08410
par_8_08411
par_8_08413
par_8_08414
par_8_08416
par_8_08417
par_8_08419
par_8_08420
par_8_08422
par_8_08423
par_8_08424
par_8_08427
par_8_08428
par_8_08429
par_8_08430
par_8_08431
par_8_08432
par_8_08433
par_8_08434
par_8_08436
par_8_08458
par_8_08461
par_8_08464
par_8_08465
par_8_08466
par_8_08467
par_8_08468
par_8_08469
par_8_08470
par_8_08471
par_8_08472
par_8_08474
par_8_08477
par_8_08480
par_8_08481
par_8_08482
par_8_08483
par_8_08484
par_8_08485
par_8_08486
par_8_08487
par_8_08488
par_8_08489
par_8_08490
par_8_08491
par_8_08492
par_8_08493
par_8_08494
par_8_08496
par_8_08497
par_8_08498
par_8_08499
par_8_08500
par_8_08501
par_8_08502
par_8_08504
par_8_08505
par_8_08506
par_8_08507
par_8_08508
par_8_08509
par_8_08510
par_8_08511
par_8_08512
par_8_08513
par_8_08515
par_8_08516
par_8_08517
par_8_08518
par_8_08519
par_8_08520
par_8_08521
par_8_08522
par_8_08523
par_8_08525
par_8_08526
par_8_08527
par_8_08528
par_8_08530
par_8_08536
par_8_08537
par_8_08538
par_8_08539
par_8_08542
par_8_08543
par_8_08544
par_8_08545
par_8_08546
par_8_08547
par_8_08552
par_8_08553
par_8_08554
par_8_08555
par_8_08558
par_8_08559
par_8_08561
par_8_08562
par_8_08563
par_8_08564
par_8_08565
par_8_08566
par_8_08567
par_8_08568
par_8_08569
par_8_08573
par_8_08574
par_8_08575
par_8_08576
par_8_08577
par_8_08578
par_8_08579
par_8_08580
par_8_08581
par_8_08582
par_8_08583
par_8_08584
par_8_08585
par_8_08586
par_8_08587
par_8_08588
par_8_08589
par_8_08590
par_8_08591
par_8_08592
par_8_08593
par_8_08595
par_8_08596
par_8_08597
par_8_08598
par_8_08599
par_8_08601
par_8_08603
par_8_08604
par_8_08605
par_8_08606
par_8_08607
par_8_08612
par_8_08613
par_8_08614
par_8_08615
par_8_08616
par_8_08617
par_8_08618
par_8_08619
par_8_08620
par_8_08621
par_8_08622
par_8_08623
par_8_08625
par_8_08626
par_8_08627
par_8_08628
par_8_08629
par_8_08630
par_8_08631
par_8_08632
par_8_08633
par_8_08636
par_8_08637
par_8_08638
par_8_08639
par_8_08640
par_8_08641
par_8_08642
par_8_08644
par_8_08645
par_8_08646
par_8_08647
par_8_08648
par_8_08649
par_8_08650
par_8_08651
par_8_08652
par_8_08653
par_8_08654
par_8_08658
par_8_08659
par_8_08660
par_8_08661
par_8_08662
par_8_08663
par_8_08664
par_8_08665
par_8_08666
par_8_08667
par_8_08668
par_8_08669
par_8_08670
par_8_08671
par_8_08679
par_8_08682
par_8_08683
par_8_08684
par_8_08685
par_8_08686
par_8_08687
par_8_08690
par_8_08691
par_8_08694
par_8_08695
par_8_08696
par_8_08697
par_8_08698
par_8_08700
par_8_08701
par_8_08703
par_8_08704
par_8_08706
par_8_08707
par_8_08708
par_8_08711
par_8_08716
par_8_08717
par_8_08721
par_8_08722
par_8_08724
par_8_08727
par_8_08729
par_8_08731
par_8_08733
par_8_08740
par_8_08742
par_8_08745
par_8_08746
par_8_08747
par_8_08748
par_8_08749
par_8_08750
par_8_08751
par_8_08752
par_8_08753
par_8_08754
par_8_08758
par_8_08759
par_8_08762
par_8_08763
par_8_08764
par_8_08765
par_8_08766
par_8_08767
par_8_08768
par_8_08771
par_8_08772
par_8_08773
par_8_08774
par_8_08775
par_8_08777
par_8_08781
par_8_08782
par_8_08783
par_8_08784
par_8_08785
par_8_08786
par_8_08787
par_8_08788
par_8_08789
par_8_08790
par_8_08791
par_8_08792
par_8_08793
par_8_08794
par_8_08796
par_8_08798
par_8_08800
par_8_08801
par_8_08803
par_8_08804
par_8_08805
par_8_08806
par_8_08807
par_8_08808
par_8_08809
par_8_08812
par_8_08813
par_8_08814
par_8_08815
par_8_08816
par_8_08817
par_8_08818
par_8_08819
par_8_08820
par_8_08821
par_8_08822
par_8_08823
par_8_08825
par_8_08826
par_8_08827
par_8_08828
par_8_08829
par_8_08830
par_8_08831
par_8_08832
par_8_08833
par_8_08834
par_8_08836
par_8_08839
par_8_08840
par_8_08842
par_8_08843
par_8_08844
par_8_08845
par_8_08846
par_8_08847
par_8_08848
par_8_08849
par_8_08850
par_8_08851
par_8_08854
par_8_08855
par_8_08856
par_8_08857
par_8_08858
par_8_08859
par_8_08860
par_8_08861
par_8_08862
par_8_08863
par_8_08864
par_8_08865
par_8_08866
par_8_08867
par_8_08868
par_8_08869
par_8_08870
par_8_08871
par_8_08872
par_8_08873
par_8_08874
par_8_08875
par_8_08876
par_8_08877
par_8_08878
par_8_08879
par_8_08880
par_8_08881
par_8_08882
par_8_08883
par_8_08884
par_8_08885
par_8_08886
par_8_08887
par_8_08888
par_8_08889
par_8_08890
par_8_08891
par_8_08892
par_8_08893
par_8_08894
par_8_08895
par_8_08896
par_8_08897
par_8_08898
par_8_08899
par_8_08900
par_8_08901
par_8_08902
par_8_08903
par_8_08904
par_8_08906
par_8_08908
par_8_08913
par_8_08916
par_8_08917
par_8_08918
par_8_08919
par_8_08923
par_8_08926
par_8_08927
par_8_08930
par_8_08931
par_8_08932
par_8_08933
par_8_08934
par_8_08935
par_8_08945
par_8_08946
par_8_08949
par_8_08950
par_8_08951
par_8_08952
par_8_08953
par_8_08954
par_8_08955
par_8_08956
par_8_08957
par_8_08958
par_8_08959
par_8_08960
par_8_08961
par_8_08962
par_8_08963
par_8_08964
par_8_08965
par_8_08966
par_8_08967
par_8_08971
par_8_08973
par_8_08974
par_8_08975
par_8_08976
par_8_08977
par_8_08978
par_8_08979
par_8_08980
par_8_08981
par_8_08982
par_8_08984
par_8_08987
par_8_08988
par_8_08989
par_8_08990
par_8_08993
par_8_08994
par_8_08996
par_8_08997
par_8_08998
par_8_08999
par_8_09000
par_8_09003
par_8_09005
par_8_09006
par_8_09007
par_8_09010
par_8_09011
par_8_09012
par_8_09014
par_8_09015
par_8_09023
par_8_09024
par_8_09025
par_8_09026
par_8_09040
par_8_09041
par_8_09047
par_8_09048
par_8_09051
par_8_09052
par_8_09066
par_8_09067
par_8_09068
par_8_09069
par_8_09070
par_8_09072
par_8_09073
par_8_09074
par_8_09075
par_8_09076
par_8_09077
par_8_09079
par_8_09082
par_8_09084
par_8_09085
par_8_09086
par_8_09087
par_8_09088
par_8_09090
par_8_09093
par_8_09094
par_8_09096
par_8_09097
par_8_09098
par_8_09099
par_8_09100
par_8_09101
par_8_09102
par_8_09103
par_8_09104
par_8_09105
par_8_09107
par_8_09108
par_8_09109
par_8_09110
par_8_09111
par_8_09112
par_8_09114
par_8_09115
par_8_09116
par_8_09117
par_8_09118
par_8_09119
par_8_09121
par_8_09122
par_8_09123
par_8_09124
par_8_09126
par_8_09128
par_8_09129
par_8_09130
par_8_09131
par_8_09132
par_8_09133
par_8_09144
par_8_09145
par_8_09146
par_8_09147
par_8_09148
par_8_09150
par_8_09155
par_8_09157
par_8_09158
par_8_09159
par_8_09160
par_8_09163
par_8_09167
par_8_09168
par_8_09169
par_8_09170
par_8_09171
par_8_09177
par_8_09178
par_8_09179
par_8_09180
par_8_09181
par_8_09182
par_8_09183
par_8_09184
par_8_09185
par_8_09186
par_8_09187
par_8_09188
par_8_09190
par_8_09192
par_8_09193
par_8_09194
par_8_09195
par_8_09196
par_8_09197
par_8_09198
par_8_09199
par_8_09200
par_8_09201
par_8_09202
par_8_09203
par_8_09204
par_8_09205
par_8_09206
par_8_09207
par_8_09208
par_8_09209
par_8_09210
par_8_09211
par_8_09212
par_8_09213
par_8_09214
par_8_09215
par_8_09217
par_8_09218
par_8_09219
par_8_09220
par_8_09221
par_8_09222
par_8_09224
par_8_09225
par_8_09226
par_8_09227
par_8_09228
par_8_09229
par_8_09230
par_8_09235
par_8_09237
par_8_09238
par_8_09239
par_8_09240
par_8_09241
par_8_09242
par_8_09245
par_8_09246
par_8_09247
par_8_09248
par_8_09249
par_8_09250
par_8_09251
par_8_09252
par_8_09253
par_8_09254
par_8_09255
par_8_09256
par_8_09257
par_8_09258
par_8_09259
par_8_09260
par_8_09261
par_8_09262
par_8_09263
par_8_09264
par_8_09265
par_8_09266
par_8_09267
par_8_09268
par_8_09269
par_8_09270
par_8_09271
par_8_09273
par_8_09274
par_8_09275
par_8_09279
par_8_09280
par_8_09281
par_8_09282
par_8_09283
par_8_09284
par_8_09285
par_8_09286
par_8_09287
par_8_09288
par_8_09292
par_8_09294
par_8_09295
par_8_09296
par_8_09297
par_8_09298
par_8_09299
par_8_09300
par_8_09301
par_8_09303
par_8_09304
par_8_09305
par_8_09306
par_8_09308
par_8_09309
par_8_09310
par_8_09311
par_8_09317
par_8_09318
par_8_09319
par_8_09320
par_8_09324
par_8_09333
par_8_09334
par_8_09335
par_8_09336
par_8_09337
par_8_09339
par_8_09340
par_8_09344
par_8_09345
par_8_09346
par_8_09347
par_8_09348
par_8_09349
par_8_09350
par_8_09351
par_8_09352
par_8_09353
par_8_09354
par_8_09355
par_8_09356
par_8_09357
par_8_09358
par_8_09359
par_8_09360
par_8_09361
par_8_09362
par_8_09363
par_8_09364
par_8_09365
par_8_09366
par_8_09367
par_8_09368
par_8_09369
par_8_09371
par_8_09372
par_8_09373
par_8_09375
par_8_09376
par_8_09377
par_8_09379
par_8_09380
par_8_09382
par_8_09383
par_8_09388
par_8_09390
par_8_09391
par_8_09406
par_8_09407
par_8_09408
par_8_09409
par_8_09410
par_8_09411
par_8_09413
par_8_09415
par_8_09416
par_8_09417
par_8_09421
par_8_09422
par_8_09423
par_8_09425
par_8_09428
par_8_09430
par_8_09431
par_8_09433
par_8_09435
par_8_09437
par_8_09439
par_8_09441
par_8_09443
par_8_09445
par_8_09446
par_8_09452
par_8_09453
par_8_09455
par_8_09461
par_8_09464
par_8_09477
par_8_09478
par_8_09479
par_8_09480
par_8_09481
par_8_09482
par_8_09483
par_8_09485
par_8_09489
par_8_09490
par_8_09491
par_8_09492
par_8_09493
par_8_09494
par_8_09495
par_8_09496
par_8_09498
par_8_09501
par_8_09502
par_8_09503
par_8_09504
par_8_09505
par_8_09506
par_8_09507
par_8_09510
par_8_09511
par_8_09512
par_8_09513
par_8_09514
par_8_09516
par_8_09517
par_8_09520
par_8_09521
par_8_09522
par_8_09523
par_8_09524
par_8_09525
par_8_09528
par_8_09530
par_8_09535
par_8_09536
par_8_09538
par_8_09539
par_8_09541
par_8_09542
par_8_09544
par_8_09545
par_8_09546
par_8_09547
par_8_09548
par_8_09549
par_8_09550
par_8_09551
par_8_09553
par_8_09554
par_8_09555
par_8_09556
par_8_09557
par_8_09565
par_8_09566
par_8_09568
par_8_09569
par_8_09570
par_8_09571
par_8_09572
par_8_09573
par_8_09575
par_8_09576
par_8_09577
par_8_09578
par_8_09579
par_8_09581
par_8_09583
par_8_09584
par_8_09585
par_8_09588
par_8_09590
par_8_09591
par_8_09592
par_8_09593
par_8_09594
par_8_09595
par_8_09597
par_8_09601
par_8_09602
par_8_09603
par_8_09604
par_8_09605
par_8_09606
par_8_09607
par_8_09608
par_8_09609
par_8_09612
par_8_09613
par_8_09614
par_8_09620
par_8_09621
par_8_09622
par_8_09623
par_8_09626
par_8_09627
par_8_09628
par_8_09629
par_8_09630
par_8_09631
par_8_09632
par_8_09633
par_8_09634
par_8_09635
par_8_09636
par_8_09637
par_8_09638
par_8_09639
par_8_09640
par_8_09641
par_8_09642
par_8_09643
par_8_09644
par_8_09645
par_8_09658
par_8_09662
par_8_09663
par_8_09664
par_8_09665
par_8_09666
par_8_09667
par_8_09668
par_8_09671
par_8_09679
par_8_09681
par_8_09682
par_8_09683
par_8_09687
par_8_09692
par_8_09698
par_8_09699
par_8_09700
par_8_09701
par_8_09702
par_8_09703
par_8_09704
par_8_09705
par_8_09706
par_8_09707
par_8_09708
par_8_09709
par_8_09710
par_8_09711
par_8_09712
par_8_09713
par_8_09714
par_8_09715
par_8_09717
par_8_09718
par_8_09719
par_8_09720
par_8_09721
par_8_09722
par_8_09723
par_8_09724
par_8_09725
par_8_09729
par_8_09730
par_8_09736
par_8_09737
par_8_09738
par_8_09739
par_8_09740
par_8_09741
par_8_09742
par_8_09743
par_8_09744
par_8_09745
par_8_09750
par_8_09751
par_8_09753
par_8_09754
par_8_09755
par_8_09756
par_8_09757
par_8_09758
par_8_09759
par_8_09760
par_8_09761
par_8_09762
par_8_09763
par_8_09764
par_8_09765
par_8_09766
par_8_09767
par_8_09768
par_8_09769
par_8_09770
par_8_09771
par_8_09772
par_8_09773
par_8_09774
par_8_09776
par_8_09777
par_8_09778
par_8_09779
par_8_09780
par_8_09781
par_8_09782
par_8_09784
par_8_09785
par_8_09787
par_8_09788
par_8_09789
par_8_09795
par_8_09797
par_8_09798
par_8_09800
par_8_09803
par_8_09804
par_8_09805
par_8_09807
par_8_09808
par_8_09809
par_8_09810
par_8_09811
par_8_09812
par_8_09814
par_8_09815
par_8_09816
par_8_09817
par_8_09818
par_8_09819
par_8_09820
par_8_09821
par_8_09822
par_8_09823
par_8_09824
par_8_09825
par_8_09826
par_8_09827
par_8_09828
par_8_09830
par_8_09832
par_8_09833
par_8_09835
par_8_09840
par_8_09841
par_8_09842
par_8_09843
par_8_09846
par_8_09847
par_8_09852
par_8_09853
par_8_09858
par_8_09859
par_8_09860
par_8_09861
par_8_09866
par_8_09867
par_8_09868
par_8_09873
par_8_09874
par_8_09881
par_8_09886
par_8_09909
par_8_09910
par_8_09915
par_8_09916
par_8_09918
par_8_09919
par_8_09920
par_8_09921
par_8_09922
par_8_09923
par_8_09937
par_8_09940
par_8_09941
par_8_09944
par_8_09945
par_8_09946
par_8_09948
par_8_09949
par_8_09950
par_8_09951
par_8_09952
par_8_09953
par_8_09954
par_8_09955
par_8_09963
par_8_09965
par_8_09967
par_8_09968
par_8_09969
par_8_09970
par_8_09972
par_8_09973
par_8_09974
par_8_09975
par_8_09976
par_8_09977
par_8_09978
par_8_09979
par_8_09980
par_8_09981
par_8_09982
par_8_09983
par_8_09984
par_8_09985
par_8_09986
par_8_09987
par_8_09993
par_8_09994
par_8_09995
par_8_09998
par_8_09999
par_8_10006
par_8_10007
par_8_10008
par_8_10010
par_8_10011
par_8_10012
par_8_10013
par_8_10014
par_8_10015
par_8_10016
par_8_10019
par_8_10022
par_8_10023
par_8_10024
par_8_10025
par_8_10026
par_8_10050
par_8_10121
par_8_10125
par_8_10128
par_8_10129
par_8_10131
par_8_10132
par_8_10136
par_8_10139
par_8_10140
par_8_10143
par_8_10146
par_8_10163
par_8_10168
par_8_10169
par_8_10173
par_8_10174
par_8_10175
par_8_10176
par_8_10177
par_8_10178
par_8_10179
par_8_10181
par_8_10183
par_8_10185
par_8_10187
par_8_10189
par_8_10200
par_8_10201
par_8_10208
par_8_10212
par_8_10213
par_8_10214
par_8_10215
par_8_10216
par_8_10219
par_8_10220
par_8_10221
par_8_10227
par_8_10228
par_8_10230
par_8_10234
par_8_10235
par_8_10236
par_8_10237
par_8_10238
par_8_10239
par_8_10240
par_8_10241
par_8_10242
par_8_10243
par_8_10244
par_8_10251
par_8_10252
par_8_10267
par_8_10269
par_8_10276
par_8_10277
par_8_10278
par_8_10279
par_8_10280
par_8_10281
par_8_10282
par_8_10292
par_8_10293
par_8_10296
par_8_10297
par_8_10299
par_8_10344
par_8_10413
par_8_10422
par_8_10423
par_8_10424
par_8_10425
par_8_10426
par_8_10427
par_8_10428
par_8_10429
par_8_10430
par_8_10431
par_8_10432
par_8_10436
par_8_10439
par_8_10440
par_8_10441
par_8_10442
par_8_10443
par_8_10446
par_8_10447
par_8_10448
par_8_10449
par_8_10450
par_8_10451
par_8_10452
par_8_10453
par_8_10454
par_8_10455
par_8_10456
par_8_10457
par_8_10458
par_8_10459
par_8_10460
par_8_10461
par_8_10463
par_8_10468
par_8_10469
par_8_10470
par_8_10471
par_8_10472
par_8_10476
par_8_10477
par_8_10478
par_8_10479
par_8_10480
par_8_10481
par_8_10482
par_8_10483
par_8_10485
par_8_10487
par_8_10488
par_8_10489
par_8_10490
par_8_10491
par_8_10501
par_8_10502
par_8_10503
par_8_10504
par_8_10505
par_8_10506
par_8_10507
par_8_10508
par_8_10509
par_8_10510
par_8_10511
par_8_10512
par_8_10513
par_8_10514
par_8_10515
par_8_10516
par_8_10517
par_8_10518
par_8_10519
par_8_10520
par_8_10521
par_8_10522
par_8_10528
par_8_10529
par_8_10530
par_8_10531
par_8_10535
par_8_10536
par_8_10537
par_8_10538
par_8_10539
par_8_10540
par_8_10541
par_8_10548
par_8_10550
par_8_10551
par_8_10558
par_8_10559
par_8_10560
par_8_10561
par_8_10562
par_8_10565
par_8_10566
par_8_10568
par_8_10569
par_8_10570
par_8_10571
par_8_10572
par_8_10573
par_8_10574
par_8_10575
par_8_10577
par_8_10578
par_8_10579
par_8_10580
par_8_10581
par_8_10582
par_8_10583
par_8_10585
par_8_10586
par_8_10587
par_8_10588
par_8_10589
par_8_10590
par_8_10591
par_8_10592
par_8_10593
par_8_10595
par_8_10596
par_8_10606
par_8_10607
par_8_10610
par_8_10611
par_8_10614
par_8_10619
par_8_10622
par_8_10624
par_8_10626
par_8_10627
par_8_10628
par_8_10630
par_8_10633
par_8_10634
par_8_10640
par_8_10641
par_8_10642
par_8_10643
par_8_10644
par_8_10645
par_8_10646
par_8_10647
par_8_10652
par_8_10653
par_8_10655
par_8_10665
par_8_10667
par_8_10668
par_8_10669
par_8_10670
par_8_1069
par_8_10700
par_8_10703
par_8_10704
par_8_10705
par_8_10706
par_8_10707
par_8_10708
par_8_10709
par_8_10710
par_8_10714
par_8_10723
par_8_10724
par_8_10725
par_8_10726
par_8_10727
par_8_10728
par_8_10729
par_8_10730
par_8_10731
par_8_10732
par_8_10733
par_8_10734
par_8_10735
par_8_10739
par_8_1074
par_8_10740
par_8_10741
par_8_10742
par_8_10743
par_8_10744
par_8_10745
par_8_10746
par_8_10747
par_8_1075
par_8_10752
par_8_10753
par_8_10755
par_8_10758
par_8_10760
par_8_10761
par_8_10762
par_8_10763
par_8_10765
par_8_10774
par_8_10775
par_8_10776
par_8_10777
par_8_10778
par_8_10779
par_8_10780
par_8_10781
par_8_10790
par_8_10791
par_8_10792
par_8_10793
par_8_10794
par_8_10795
par_8_10796
par_8_10797
par_8_10798
par_8_10799
par_8_10806
par_8_10807
par_8_10808
par_8_10809
par_8_10810
par_8_10811
par_8_10812
par_8_10813
par_8_10814
par_8_10815
par_8_10816
par_8_10817
par_8_10831
par_8_10835
par_8_10836
par_8_10838
par_8_10854
par_8_10855
par_8_10856
par_8_10857
par_8_10858
par_8_10859
par_8_10860
par_8_10861
par_8_10862
par_8_10863
par_8_10864
par_8_10865
par_8_10866
par_8_10867
par_8_10868
par_8_10869
par_8_10870
par_8_10872
par_8_10873
par_8_10874
par_8_10875
par_8_10876
par_8_10878
par_8_10879
par_8_10881
par_8_10882
par_8_10883
par_8_10884
par_8_10885
par_8_10886
par_8_10887
par_8_10888
par_8_10889
par_8_10892
par_8_10900
par_8_10957
par_8_10958
par_8_10959
par_8_10960
par_8_10968
par_8_10969
par_8_10970
par_8_10980
par_8_10984
par_8_10985
par_8_10987
par_8_10988
par_8_10994
par_8_10995
par_8_10996
par_8_10999
par_8_11013
par_8_11014
par_8_11015
par_8_11017
par_8_11019
par_8_11026
par_8_11035
par_8_11036
par_8_11046
par_8_11048
par_8_11058
par_8_11080
par_8_11084
par_8_11085
par_8_11086
par_8_11088
par_8_11089
par_8_11090
par_8_11098
par_8_11099
par_8_11101
par_8_11103
par_8_11104
par_8_11105
par_8_11106
par_8_11107
par_8_11108
par_8_11109
par_8_11110
par_8_11111
par_8_11112
par_8_11113
par_8_11115
par_8_11116
par_8_11118
par_8_11120
par_8_11122
par_8_11123
par_8_11124
par_8_11125
par_8_11126
par_8_11127
par_8_11136
par_8_11137
par_8_11139
par_8_11143
par_8_11150
par_8_11151
par_8_11152
par_8_11153
par_8_11154
par_8_11155
par_8_11156
par_8_11157
par_8_11158
par_8_11159
par_8_11160
par_8_11161
par_8_11162
par_8_11163
par_8_11164
par_8_11165
par_8_11166
par_8_11173
par_8_11174
par_8_11178
par_8_11179
par_8_11188
par_8_11189
par_8_11190
par_8_11191
par_8_11192
par_8_11193
par_8_11194
par_8_11195
par_8_11197
par_8_11198
par_8_11199
par_8_11226
par_8_11227
par_8_11228
par_8_11229
par_8_11230
par_8_11231
par_8_11232
par_8_11233
par_8_11234
par_8_11235
par_8_11236
par_8_11237
par_8_11238
par_8_11239
par_8_11240
par_8_11249
par_8_11250
par_8_11253
par_8_11254
par_8_11260
par_8_11264
par_8_11265
par_8_11266
par_8_11267
par_8_11268
par_8_11269
par_8_11272
par_8_11273
par_8_11275
par_8_11277
par_8_11278
par_8_11279
par_8_11281
par_8_11283
par_8_11284
par_8_11285
par_8_11290
par_8_11291
par_8_11292
par_8_11297
par_8_11298
par_8_11300
par_8_11301
par_8_11302
par_8_11304
par_8_11305
par_8_11306
par_8_11307
par_8_11308
par_8_11309
par_8_11310
par_8_11311
par_8_11312
par_8_11313
par_8_11314
par_8_11319
par_8_1132
par_8_11320
par_8_11321
par_8_11322
par_8_11323
par_8_11324
par_8_11326
par_8_11327
par_8_11328
par_8_11329
par_8_11330
par_8_11331
par_8_11333
par_8_11334
par_8_11335
par_8_11336
par_8_11337
par_8_11338
par_8_11339
par_8_1134
par_8_11340
par_8_11341
par_8_11342
par_8_11343
par_8_11344
par_8_11345
par_8_11346
par_8_11347
par_8_11348
par_8_1135
par_8_11350
par_8_11352
par_8_11353
par_8_11355
par_8_11358
par_8_11359
par_8_1136
par_8_11360
par_8_11361
par_8_11362
par_8_11363
par_8_11364
par_8_11365
par_8_11366
par_8_11371
par_8_11372
par_8_11373
par_8_11374
par_8_11375
par_8_11378
par_8_11379
par_8_11383
par_8_11384
par_8_11385
par_8_11386
par_8_11387
par_8_11388
par_8_11389
par_8_11390
par_8_11391
par_8_11392
par_8_11393
par_8_11394
par_8_11395
par_8_11396
par_8_11397
par_8_11398
par_8_11399
par_8_11400
par_8_11401
par_8_11402
par_8_11405
par_8_11406
par_8_11407
par_8_11408
par_8_11409
par_8_11410
par_8_11411
par_8_11412
par_8_11417
par_8_11418
par_8_11420
par_8_11421
par_8_11422
par_8_11423
par_8_11424
par_8_11430
par_8_11437
par_8_11439
par_8_11440
par_8_11441
par_8_11443
par_8_11447
par_8_11448
par_8_11449
par_8_11451
par_8_11452
par_8_11453
par_8_11454
par_8_11460
par_8_11468
par_8_11469
par_8_11476
par_8_11477
par_8_11479
par_8_11480
par_8_11483
par_8_11484
par_8_11487
par_8_11488
par_8_11491
par_8_11496
par_8_11497
par_8_11508
par_8_11509
par_8_11513
par_8_11514
par_8_11515
par_8_11516
par_8_11517
par_8_1152
par_8_11520
par_8_11523
par_8_11525
par_8_11526
par_8_11527
par_8_11529
par_8_1153
par_8_11530
par_8_11534
par_8_11535
par_8_11536
par_8_11537
par_8_11538
par_8_11539
par_8_11540
par_8_11541
par_8_11547
par_8_11549
par_8_11550
par_8_11551
par_8_11552
par_8_11553
par_8_11554
par_8_11555
par_8_11556
par_8_11557
par_8_11558
par_8_11559
par_8_1156
par_8_11560
par_8_11565
par_8_11566
par_8_11568
par_8_1157
par_8_11570
par_8_1158
par_8_11588
par_8_11589
par_8_11590
par_8_11591
par_8_11592
par_8_11593
par_8_11594
par_8_11595
par_8_11598
par_8_11601
par_8_11602
par_8_11603
par_8_11604
par_8_11605
par_8_11606
par_8_11607
par_8_11608
par_8_11609
par_8_11610
par_8_11612
par_8_11613
par_8_11614
par_8_11615
par_8_11616
par_8_11617
par_8_11618
par_8_11619
par_8_11622
par_8_11623
par_8_11624
par_8_11625
par_8_11626
par_8_11627
par_8_11628
par_8_11629
par_8_11632
par_8_11633
par_8_11634
par_8_11635
par_8_11636
par_8_11637
par_8_11639
par_8_11640
par_8_11641
par_8_11642
par_8_11645
par_8_11646
par_8_11647
par_8_11670
par_8_11671
par_8_11672
par_8_11673
par_8_11674
par_8_11675
par_8_11676
par_8_11677
par_8_11678
par_8_11679
par_8_11680
par_8_11681
par_8_11682
par_8_11683
par_8_11684
par_8_11688
par_8_11689
par_8_11690
par_8_11691
par_8_11692
par_8_11693
par_8_11696
par_8_11698
par_8_11701
par_8_11702
par_8_11703
par_8_11704
par_8_11705
par_8_11706
par_8_11707
par_8_11708
par_8_11709
par_8_11710
par_8_11712
par_8_11714
par_8_11715
par_8_11718
par_8_11719
par_8_1172
par_8_11720
par_8_11722
par_8_11723
par_8_11724
par_8_11725
par_8_11726
par_8_11727
par_8_11729
par_8_1173
par_8_11730
par_8_11731
par_8_11733
par_8_11734
par_8_1174
par_8_1175
par_8_11753
par_8_11757
par_8_11758
par_8_11759
par_8_11760
par_8_11764
par_8_11765
par_8_11768
par_8_11769
par_8_11770
par_8_11771
par_8_11772
par_8_11773
par_8_11775
par_8_11776
par_8_11777
par_8_11778
par_8_11779
par_8_11789
par_8_11792
par_8_11793
par_8_11794
par_8_11795
par_8_11796
par_8_11797
par_8_11798
par_8_11799
par_8_11810
par_8_11813
par_8_11814
par_8_11815
par_8_11816
par_8_11817
par_8_11818
par_8_11819
par_8_11822
par_8_11823
par_8_11824
par_8_11826
par_8_11827
par_8_11828
par_8_11829
par_8_11830
par_8_11831
par_8_11833
par_8_11834
par_8_11835
par_8_11836
par_8_11837
par_8_11838
par_8_1184
par_8_11840
par_8_11841
par_8_11842
par_8_11843
par_8_11844
par_8_11845
par_8_11848
par_8_11849
par_8_11851
par_8_11853
par_8_11854
par_8_11855
par_8_11856
par_8_11857
par_8_11858
par_8_11859
par_8_11860
par_8_11861
par_8_11862
par_8_11865
par_8_11866
par_8_11867
par_8_11868
par_8_11874
par_8_11875
par_8_11876
par_8_11877
par_8_11878
par_8_11879
par_8_11880
par_8_11882
par_8_11883
par_8_11884
par_8_11885
par_8_11886
par_8_11887
par_8_11888
par_8_11889
par_8_11890
par_8_11891
par_8_11892
par_8_11893
par_8_11894
par_8_11895
par_8_11896
par_8_11897
par_8_11898
par_8_11899
par_8_11900
par_8_11901
par_8_11902
par_8_11903
par_8_11904
par_8_11905
par_8_11906
par_8_11907
par_8_11908
par_8_1191
par_8_11910
par_8_11911
par_8_11912
par_8_11913
par_8_11914
par_8_11916
par_8_11917
par_8_11918
par_8_11919
par_8_1192
par_8_11921
par_8_11923
par_8_11924
par_8_11925
par_8_11926
par_8_1193
par_8_11930
par_8_11931
par_8_11934
par_8_1194
par_8_11942
par_8_11943
par_8_11944
par_8_11945
par_8_11948
par_8_11949
par_8_11951
par_8_11952
par_8_11955
par_8_11956
par_8_11957
par_8_11958
par_8_11959
par_8_11960
par_8_11961
par_8_11962
par_8_11963
par_8_11964
par_8_11965
par_8_11969
par_8_11970
par_8_11971
par_8_11977
par_8_11978
par_8_11979
par_8_11980
par_8_11981
par_8_11982
par_8_11983
par_8_11984
par_8_11985
par_8_11986
par_8_11987
par_8_11988
par_8_11989
par_8_11990
par_8_11991
par_8_11992
par_8_11993
par_8_11994
par_8_11998
par_8_11999
par_8_12000
par_8_12001
par_8_12003
par_8_12004
par_8_12005
par_8_12006
par_8_12007
par_8_12008
par_8_12009
par_8_12011
par_8_12012
par_8_12014
par_8_12015
par_8_12016
par_8_12017
par_8_12021
par_8_12023
par_8_12024
par_8_12025
par_8_12026
par_8_12027
par_8_12030
par_8_12032
par_8_12033
par_8_12037
par_8_12038
par_8_12039
par_8_12040
par_8_12041
par_8_12042
par_8_12043
par_8_12049
par_8_12050
par_8_12055
par_8_12060
par_8_12061
par_8_12062
par_8_12063
par_8_12064
par_8_12065
par_8_12066
par_8_12067
par_8_12070
par_8_12071
par_8_12072
par_8_12073
par_8_12074
par_8_12075
par_8_12076
par_8_12077
par_8_12079
par_8_12085
par_8_12093
par_8_12094
par_8_12097
par_8_12098
par_8_1210
par_8_12106
par_8_12107
par_8_12108
par_8_12109
par_8_1211
par_8_12110
par_8_12112
par_8_12114
par_8_12115
par_8_12128
par_8_12129
par_8_1213
par_8_12130
par_8_12131
par_8_12132
par_8_12134
par_8_12135
par_8_12144
par_8_12145
par_8_12153
par_8_12154
par_8_12155
par_8_12156
par_8_12157
par_8_12165
par_8_12180
par_8_12181
par_8_12183
par_8_12184
par_8_12185
par_8_12186
par_8_12187
par_8_12188
par_8_12189
par_8_12193
par_8_12195
par_8_12196
par_8_12197
par_8_12198
par_8_12201
par_8_12202
par_8_12203
par_8_12204
par_8_12205
par_8_12207
par_8_12208
par_8_12209
par_8_12210
par_8_12211
par_8_12212
par_8_12213
par_8_12214
par_8_12216
par_8_12217
par_8_12218
par_8_12219
par_8_12220
par_8_12221
par_8_12222
par_8_12223
par_8_12224
par_8_12227
par_8_12229
par_8_12231
par_8_12233
par_8_12236
par_8_12237
par_8_12238
par_8_12239
par_8_12240
par_8_12241
par_8_12262
par_8_12263
par_8_12264
par_8_12265
par_8_12266
par_8_12267
par_8_12268
par_8_12269
par_8_12270
par_8_12271
par_8_12293
par_8_12295
par_8_12296
par_8_12304
par_8_12307
par_8_12308
par_8_12309
par_8_12310
par_8_12316
par_8_12318
par_8_12320
par_8_12326
par_8_12327
par_8_12328
par_8_12329
par_8_12330
par_8_12331
par_8_12332
par_8_12334
par_8_12335
par_8_12336
par_8_12337
par_8_12343
par_8_12344
par_8_12345
par_8_12346
par_8_12347
par_8_12351
par_8_12354
par_8_12355
par_8_12362
par_8_12363
par_8_12364
par_8_12365
par_8_12366
par_8_12367
par_8_12370
par_8_12371
par_8_12372
par_8_12373
par_8_12374
par_8_12375
par_8_12376
par_8_12377
par_8_12378
par_8_12379
par_8_12380
par_8_12381
par_8_12382
par_8_12383
par_8_12384
par_8_12385
par_8_12386
par_8_12387
par_8_12388
par_8_12389
par_8_12390
par_8_12391
par_8_12394
par_8_12395
par_8_12396
par_8_12398
par_8_12403
par_8_12404
par_8_12405
par_8_12406
par_8_12407
par_8_12408
par_8_12409
par_8_12410
par_8_12411
par_8_12412
par_8_12413
par_8_12415
par_8_12416
par_8_12421
par_8_12422
par_8_12423
par_8_12424
par_8_12425
par_8_12426
par_8_12427
par_8_12428
par_8_12429
par_8_12438
par_8_12439
par_8_12440
par_8_12441
par_8_12443
par_8_12444
par_8_12446
par_8_12447
par_8_12448
par_8_12449
par_8_12450
par_8_12451
par_8_12452
par_8_12453
par_8_12454
par_8_12455
par_8_12456
par_8_12457
par_8_12458
par_8_12459
par_8_12460
par_8_12461
par_8_12462
par_8_12463
par_8_12464
par_8_12465
par_8_12466
par_8_12467
par_8_12468
par_8_12469
par_8_12470
par_8_12471
par_8_12472
par_8_12473
par_8_12474
par_8_12477
par_8_12486
par_8_12487
par_8_12495
par_8_12496
par_8_12497
par_8_12499
par_8_12500
par_8_12501
par_8_12502
par_8_12503
par_8_12504
par_8_12505
par_8_12506
par_8_12507
par_8_12508
par_8_12509
par_8_12510
par_8_12511
par_8_12512
par_8_12513
par_8_12518
par_8_12519
par_8_12520
par_8_12521
par_8_12522
par_8_12523
par_8_12524
par_8_12527
par_8_12528
par_8_12531
par_8_12532
par_8_12533
par_8_12534
par_8_12535
par_8_12536
par_8_12537
par_8_12538
par_8_12539
par_8_12540
par_8_12541
par_8_12542
par_8_12543
par_8_12544
par_8_12553
par_8_12557
par_8_12560
par_8_12561
par_8_12572
par_8_12573
par_8_12574
par_8_12575
par_8_12578
par_8_12579
par_8_12580
par_8_12581
par_8_12582
par_8_12583
par_8_12588
par_8_12589
par_8_12590
par_8_12591
par_8_12592
par_8_12593
par_8_12594
par_8_12595
par_8_12596
par_8_12597
par_8_12598
par_8_12603
par_8_12605
par_8_12606
par_8_12607
par_8_12608
par_8_12609
par_8_12610
par_8_12611
par_8_12612
par_8_12614
par_8_12617
par_8_12621
par_8_12630
par_8_12631
par_8_12632
par_8_12638
par_8_12641
par_8_12643
par_8_12644
par_8_12645
par_8_12646
par_8_12648
par_8_12650
par_8_12651
par_8_12652
par_8_12654
par_8_12655
par_8_12658
par_8_12659
par_8_12660
par_8_12661
par_8_12665
par_8_12666
par_8_12667
par_8_12668
par_8_12669
par_8_12670
par_8_12671
par_8_12672
par_8_12673
par_8_12674
par_8_12675
par_8_12677
par_8_12678
par_8_12679
par_8_12680
par_8_12695
par_8_12697
par_8_12698
par_8_12699
par_8_12701
par_8_12703
par_8_12705
par_8_12706
par_8_12707
par_8_12708
par_8_12709
par_8_12710
par_8_12711
par_8_12713
par_8_12714
par_8_12715
par_8_12716
par_8_12717
par_8_12718
par_8_12719
par_8_12720
par_8_12721
par_8_12722
par_8_12723
par_8_12724
par_8_12725
par_8_12728
par_8_12729
par_8_12730
par_8_12742
par_8_12744
par_8_12745
par_8_12747
par_8_12748
par_8_12749
par_8_12750
par_8_12755
par_8_12756
par_8_12757
par_8_12759
par_8_12760
par_8_12761
par_8_1279
par_8_12792
par_8_12797
par_8_1280
par_8_12800
par_8_12808
par_8_12809
par_8_12810
par_8_12811
par_8_12814
par_8_12815
par_8_12816
par_8_12817
par_8_12818
par_8_12820
par_8_12823
par_8_12824
par_8_12826
par_8_12827
par_8_12828
par_8_12829
par_8_1283
par_8_1284
par_8_12842
par_8_12845
par_8_12847
par_8_12848
par_8_12849
par_8_1285
par_8_12852
par_8_12853
par_8_12855
par_8_12856
par_8_12857
par_8_12858
par_8_12859
par_8_12860
par_8_12861
par_8_1287
par_8_12875
par_8_12876
par_8_12877
par_8_12885
par_8_12886
par_8_12887
par_8_12888
par_8_12889
par_8_12890
par_8_12892
par_8_12895
par_8_129
par_8_12901
par_8_12902
par_8_12905
par_8_12906
par_8_12907
par_8_12908
par_8_12909
par_8_12910
par_8_12911
par_8_12912
par_8_12914
par_8_12916
par_8_12917
par_8_12918
par_8_12919
par_8_12920
par_8_12921
par_8_12922
par_8_12924
par_8_12925
par_8_12926
par_8_12927
par_8_12928
par_8_12929
par_8_12930
par_8_12939
par_8_12940
par_8_12949
par_8_12950
par_8_12951
par_8_12952
par_8_12953
par_8_12954
par_8_12955
par_8_12956
par_8_12957
par_8_12958
par_8_12959
par_8_12960
par_8_12961
par_8_12962
par_8_12963
par_8_12971
par_8_12981
par_8_12983
par_8_12984
par_8_12985
par_8_12987
par_8_12988
par_8_12989
par_8_12990
par_8_12991
par_8_12992
par_8_12993
par_8_12994
par_8_12995
par_8_130
par_8_13003
par_8_13004
par_8_13005
par_8_13014
par_8_13015
par_8_13016
par_8_13019
par_8_13025
par_8_13030
par_8_13031
par_8_13032
par_8_13033
par_8_13034
par_8_13035
par_8_13036
par_8_13037
par_8_13038
par_8_13039
par_8_13041
par_8_13042
par_8_13047
par_8_13049
par_8_13050
par_8_13051
par_8_13052
par_8_13053
par_8_13054
par_8_13061
par_8_13074
par_8_13079
par_8_13082
par_8_13087
par_8_13089
par_8_13091
par_8_13092
par_8_13093
par_8_13094
par_8_13095
par_8_131
par_8_13111
par_8_13114
par_8_13115
par_8_13116
par_8_13117
par_8_13120
par_8_13121
par_8_13122
par_8_13123
par_8_13125
par_8_1313
par_8_13132
par_8_13133
par_8_13134
par_8_13135
par_8_13136
par_8_13137
par_8_13138
par_8_13139
par_8_1314
par_8_13140
par_8_13141
par_8_13142
par_8_13143
par_8_13144
par_8_13145
par_8_13146
par_8_13147
par_8_13149
par_8_1315
par_8_13150
par_8_13151
par_8_13152
par_8_13153
par_8_13154
par_8_13155
par_8_13156
par_8_13157
par_8_13158
par_8_1316
par_8_13164
par_8_13166
par_8_13167
par_8_13168
par_8_13169
par_8_13170
par_8_13171
par_8_13175
par_8_13176
par_8_13177
par_8_13178
par_8_13179
par_8_13180
par_8_13181
par_8_13182
par_8_13183
par_8_13184
par_8_13185
par_8_13186
par_8_13189
par_8_13193
par_8_13194
par_8_13195
par_8_13196
par_8_13197
par_8_13198
par_8_132
par_8_13202
par_8_13203
par_8_13204
par_8_13205
par_8_1321
par_8_13211
par_8_13214
par_8_13217
par_8_13218
par_8_13219
par_8_1322
par_8_13220
par_8_13221
par_8_13222
par_8_13223
par_8_13224
par_8_13225
par_8_13227
par_8_13228
par_8_13230
par_8_13232
par_8_13233
par_8_13234
par_8_13235
par_8_13236
par_8_13243
par_8_13251
par_8_13252
par_8_13253
par_8_13254
par_8_13255
par_8_13256
par_8_13257
par_8_13258
par_8_13259
par_8_13260
par_8_13261
par_8_13262
par_8_13263
par_8_13264
par_8_13265
par_8_13266
par_8_13267
par_8_13268
par_8_13269
par_8_13270
par_8_13271
par_8_13272
par_8_13273
par_8_13274
par_8_13275
par_8_13276
par_8_13279
par_8_13280
par_8_13282
par_8_13283
par_8_13284
par_8_13285
par_8_13286
par_8_13287
par_8_13288
par_8_13289
par_8_13290
par_8_13291
par_8_13292
par_8_13293
par_8_13298
par_8_13299
par_8_133
par_8_1330
par_8_13303
par_8_13304
par_8_1332
par_8_1333
par_8_1334
par_8_1335
par_8_1336
par_8_1338
par_8_134
par_8_1341
par_8_1342
par_8_1343
par_8_1344
par_8_1346
par_8_1347
par_8_1348
par_8_1350
par_8_1351
par_8_1352
par_8_1353
par_8_1354
par_8_1355
par_8_1357
par_8_1366
par_8_1367
par_8_1368
par_8_137
par_8_1373
par_8_138
par_8_139
par_8_140
par_8_1440
par_8_1441
par_8_1444
par_8_1445
par_8_1449
par_8_1450
par_8_15045
par_8_15056
par_8_15057
par_8_15058
par_8_15061
par_8_15063
par_8_15064
par_8_15065
par_8_15066
par_8_15067
par_8_15068
par_8_15069
par_8_15070
par_8_15073
par_8_15074
par_8_15075
par_8_15082
par_8_15120
par_8_15121
par_8_15122
par_8_15123
par_8_15124
par_8_15125
par_8_15140
par_8_15143
par_8_15144
par_8_15145
par_8_15146
par_8_15147
par_8_15160
par_8_15161
par_8_15162
par_8_15163
par_8_15164
par_8_15185
par_8_15188
par_8_15189
par_8_15190
par_8_15191
par_8_15192
par_8_15193
par_8_15194
par_8_15211
par_8_15212
par_8_15213
par_8_15214
par_8_15215
par_8_15216
par_8_15217
par_8_15218
par_8_15219
par_8_15220
par_8_15221
par_8_15222
par_8_15223
par_8_15224
par_8_15225
par_8_15278
par_8_15300
par_8_15303
par_8_15304
par_8_15305
par_8_15306
par_8_15309
par_8_15310
par_8_15311
par_8_15312
par_8_15313
par_8_15314
par_8_15315
par_8_15316
par_8_15317
par_8_15318
par_8_15319
par_8_15320
par_8_15321
par_8_15322
par_8_15323
par_8_15324
par_8_15325
par_8_15326
par_8_15327
par_8_15328
par_8_15329
par_8_15330
par_8_15331
par_8_15333
par_8_15335
par_8_15336
par_8_15337
par_8_15338
par_8_15339
par_8_15340
par_8_15341
par_8_15342
par_8_15343
par_8_15344
par_8_15345
par_8_15346
par_8_15347
par_8_15348
par_8_15356
par_8_15357
par_8_15358
par_8_15359
par_8_15360
par_8_15361
par_8_15362
par_8_15363
par_8_15364
par_8_15365
par_8_15366
par_8_15367
par_8_15368
par_8_15369
par_8_15370
par_8_15371
par_8_15372
par_8_15373
par_8_15374
par_8_15375
par_8_15376
par_8_15377
par_8_15378
par_8_15379
par_8_15380
par_8_15381
par_8_15382
par_8_15386
par_8_15391
par_8_15392
par_8_15403
par_8_15404
par_8_15406
par_8_15408
par_8_15409
par_8_15416
par_8_15417
par_8_15418
par_8_15421
par_8_15422
par_8_15424
par_8_15425
par_8_15433
par_8_15434
par_8_15435
par_8_15440
par_8_15444
par_8_15457
par_8_1546
par_8_15462
par_8_15463
par_8_1547
par_8_1548
par_8_1549
par_8_15498
par_8_15499
par_8_15501
par_8_15503
par_8_15504
par_8_15506
par_8_15507
par_8_15515
par_8_15519
par_8_15520
par_8_15521
par_8_15525
par_8_15526
par_8_15527
par_8_15529
par_8_15530
par_8_15532
par_8_15533
par_8_15534
par_8_15536
par_8_15537
par_8_15538
par_8_15541
par_8_15542
par_8_15552
par_8_15554
par_8_15555
par_8_15556
par_8_15557
par_8_15559
par_8_15561
par_8_15563
par_8_15564
par_8_15566
par_8_15567
par_8_15568
par_8_15571
par_8_15574
par_8_15575
par_8_15576
par_8_15577
par_8_15578
par_8_15579
par_8_15580
par_8_15593
par_8_15594
par_8_15595
par_8_15596
par_8_15597
par_8_15602
par_8_15603
par_8_15604
par_8_15605
par_8_15606
par_8_15608
par_8_15609
par_8_15610
par_8_15611
par_8_15613
par_8_15614
par_8_15615
par_8_15616
par_8_15617
par_8_15621
par_8_15622
par_8_15623
par_8_15624
par_8_15625
par_8_15637
par_8_15638
par_8_15639
par_8_15640
par_8_15641
par_8_15642
par_8_15643
par_8_15644
par_8_15645
par_8_15646
par_8_15647
par_8_15648
par_8_15649
par_8_1565
par_8_15650
par_8_15651
par_8_15652
par_8_15653
par_8_15658
par_8_15659
par_8_15660
par_8_15662
par_8_15666
par_8_15667
par_8_15668
par_8_15669
par_8_15670
par_8_15673
par_8_15676
par_8_15677
par_8_15678
par_8_15679
par_8_15680
par_8_15681
par_8_15684
par_8_15685
par_8_15687
par_8_15688
par_8_15689
par_8_15692
par_8_15693
par_8_15695
par_8_15696
par_8_15697
par_8_15698
par_8_15699
par_8_15700
par_8_15701
par_8_15702
par_8_15703
par_8_15704
par_8_15705
par_8_15707
par_8_15708
par_8_15709
par_8_15710
par_8_15711
par_8_15712
par_8_15713
par_8_15714
par_8_15715
par_8_15716
par_8_15717
par_8_15718
par_8_15719
par_8_15720
par_8_15722
par_8_15723
par_8_15724
par_8_15728
par_8_15730
par_8_15732
par_8_15734
par_8_15736
par_8_15740
par_8_15744
par_8_15746
par_8_15747
par_8_15748
par_8_15749
par_8_15750
par_8_15751
par_8_15752
par_8_15753
par_8_15754
par_8_15755
par_8_15756
par_8_15757
par_8_15758
par_8_15759
par_8_15760
par_8_15768
par_8_15774
par_8_15775
par_8_15776
par_8_15778
par_8_15782
par_8_15783
par_8_15784
par_8_15797
par_8_15803
par_8_15804
par_8_15805
par_8_15808
par_8_15809
par_8_15816
par_8_15817
par_8_15818
par_8_15819
par_8_15823
par_8_15824
par_8_15825
par_8_15826
par_8_15828
par_8_15829
par_8_15830
par_8_15833
par_8_15837
par_8_15838
par_8_15839
par_8_15843
par_8_15844
par_8_15845
par_8_15846
par_8_15848
par_8_15849
par_8_15850
par_8_15851
par_8_15852
par_8_15856
par_8_15857
par_8_15858
par_8_15859
par_8_15860
par_8_15861
par_8_15862
par_8_15864
par_8_15866
par_8_15867
par_8_15868
par_8_15869
par_8_15872
par_8_15874
par_8_15878
par_8_15885
par_8_15886
par_8_15890
par_8_15891
par_8_15913
par_8_15914
par_8_15915
par_8_15916
par_8_15917
par_8_15918
par_8_15919
par_8_15920
par_8_15921
par_8_15922
par_8_15923
par_8_15924
par_8_15925
par_8_15926
par_8_15927
par_8_15928
par_8_15929
par_8_15931
par_8_15932
par_8_15933
par_8_15934
par_8_15935
par_8_15936
par_8_15937
par_8_15938
par_8_15939
par_8_15947
par_8_15948
par_8_15951
par_8_15952
par_8_15953
par_8_15954
par_8_15955
par_8_15963
par_8_15964
par_8_15965
par_8_15972
par_8_15973
par_8_15974
par_8_15975
par_8_15980
par_8_15981
par_8_15983
par_8_16006
par_8_16007
par_8_16008
par_8_16009
par_8_16010
par_8_16011
par_8_16012
par_8_16013
par_8_16014
par_8_16015
par_8_16016
par_8_16017
par_8_16018
par_8_1602
par_8_16022
par_8_16023
par_8_16024
par_8_16025
par_8_16026
par_8_16027
par_8_16028
par_8_16029
par_8_16030
par_8_16035
par_8_16036
par_8_16037
par_8_16038
par_8_16039
par_8_16040
par_8_16041
par_8_16042
par_8_16043
par_8_16044
par_8_16046
par_8_16055
par_8_16056
par_8_16057
par_8_16059
par_8_16060
par_8_16061
par_8_16062
par_8_16063
par_8_16064
par_8_16065
par_8_16066
par_8_16067
par_8_16068
par_8_16069
par_8_16070
par_8_16071
par_8_16072
par_8_16073
par_8_16074
par_8_16075
par_8_16082
par_8_16083
par_8_16090
par_8_16092
par_8_16093
par_8_16094
par_8_16095
par_8_16099
par_8_16100
par_8_16102
par_8_16103
par_8_16105
par_8_16106
par_8_16107
par_8_16115
par_8_16124
par_8_16125
par_8_16126
par_8_16127
par_8_16128
par_8_16129
par_8_16130
par_8_16131
par_8_16132
par_8_16133
par_8_16134
par_8_16138
par_8_16139
par_8_16140
par_8_16141
par_8_16142
par_8_16143
par_8_16144
par_8_16145
par_8_16146
par_8_16147
par_8_16157
par_8_16162
par_8_16165
par_8_16166
par_8_16167
par_8_16168
par_8_16169
par_8_16170
par_8_16171
par_8_16178
par_8_16180
par_8_16181
par_8_16182
par_8_16185
par_8_16186
par_8_16187
par_8_16188
par_8_16189
par_8_16190
par_8_16198
par_8_16206
par_8_16207
par_8_16208
par_8_16209
par_8_16210
par_8_16211
par_8_16212
par_8_16213
par_8_16214
par_8_16215
par_8_16216
par_8_16217
par_8_16218
par_8_16219
par_8_16220
par_8_16221
par_8_16222
par_8_16223
par_8_16229
par_8_16233
par_8_16234
par_8_16238
par_8_16241
par_8_16242
par_8_16243
par_8_16244
par_8_16245
par_8_16246
par_8_16247
par_8_16252
par_8_16253
par_8_16254
par_8_16255
par_8_16256
par_8_16259
par_8_16260
par_8_16261
par_8_16262
par_8_16263
par_8_16264
par_8_16268
par_8_16269
par_8_16271
par_8_16272
par_8_16274
par_8_16275
par_8_16277
par_8_16278
par_8_16307
par_8_16308
par_8_16311
par_8_16312
par_8_16313
par_8_16314
par_8_16317
par_8_16318
par_8_16319
par_8_16320
par_8_16321
par_8_16322
par_8_16323
par_8_16324
par_8_16325
par_8_16326
par_8_16327
par_8_16328
par_8_16329
par_8_16330
par_8_16331
par_8_16332
par_8_16333
par_8_16334
par_8_16335
par_8_16336
par_8_16337
par_8_16338
par_8_16339
par_8_16342
par_8_16345
par_8_16351
par_8_16352
par_8_16355
par_8_16356
par_8_16357
par_8_16358
par_8_16361
par_8_16362
par_8_16364
par_8_16365
par_8_16366
par_8_16368
par_8_16370
par_8_16371
par_8_16372
par_8_16375
par_8_16377
par_8_16378
par_8_16379
par_8_16380
par_8_16381
par_8_16382
par_8_16383
par_8_16384
par_8_16385
par_8_16386
par_8_16387
par_8_16393
par_8_16394
par_8_16396
par_8_16397
par_8_16398
par_8_16399
par_8_16400
par_8_16401
par_8_16402
par_8_16404
par_8_16405
par_8_16406
par_8_16407
par_8_16409
par_8_16410
par_8_16437
par_8_16438
par_8_16439
par_8_16452
par_8_16454
par_8_16457
par_8_16461
par_8_16524
par_8_16525
par_8_16526
par_8_16539
par_8_16540
par_8_16541
par_8_16561
par_8_16562
par_8_16567
par_8_16568
par_8_16569
par_8_16572
par_8_16573
par_8_16580
par_8_16581
par_8_16582
par_8_16583
par_8_16584
par_8_16585
par_8_16600
par_8_16601
par_8_16602
par_8_16603
par_8_16604
par_8_16605
par_8_16606
par_8_16607
par_8_16608
par_8_16610
par_8_16611
par_8_16612
par_8_16620
par_8_16621
par_8_16622
par_8_16623
par_8_16626
par_8_16628
par_8_16629
par_8_1663
par_8_16631
par_8_1664
par_8_16644
par_8_16645
par_8_16646
par_8_16648
par_8_16649
par_8_16654
par_8_16655
par_8_16656
par_8_16657
par_8_16658
par_8_16659
par_8_16674
par_8_16675
par_8_16676
par_8_16677
par_8_16678
par_8_16679
par_8_16680
par_8_16681
par_8_16682
par_8_16683
par_8_16684
par_8_16685
par_8_16686
par_8_16701
par_8_16703
par_8_16704
par_8_16708
par_8_16709
par_8_16710
par_8_16711
par_8_16712
par_8_16714
par_8_16715
par_8_16716
par_8_16717
par_8_16720
par_8_16721
par_8_16722
par_8_16725
par_8_16729
par_8_16730
par_8_16731
par_8_16732
par_8_16733
par_8_16735
par_8_16736
par_8_16753
par_8_16754
par_8_16755
par_8_16756
par_8_16757
par_8_16758
par_8_16759
par_8_16760
par_8_16761
par_8_16762
par_8_16763
par_8_16764
par_8_16765
par_8_16766
par_8_16767
par_8_16768
par_8_16769
par_8_16789
par_8_16790
par_8_16791
par_8_16792
par_8_16793
par_8_16794
par_8_16795
par_8_16796
par_8_16799
par_8_16800
par_8_16801
par_8_16802
par_8_16803
par_8_16804
par_8_16805
par_8_16806
par_8_16807
par_8_16811
par_8_16813
par_8_16814
par_8_16834
par_8_16835
par_8_16845
par_8_16846
par_8_16882
par_8_16893
par_8_16894
par_8_16895
par_8_16896
par_8_16897
par_8_16898
par_8_16903
par_8_16904
par_8_16907
par_8_16908
par_8_16909
par_8_16910
par_8_16911
par_8_16914
par_8_16915
par_8_16919
par_8_16921
par_8_16922
par_8_16923
par_8_16924
par_8_16925
par_8_16926
par_8_16932
par_8_16933
par_8_16936
par_8_16938
par_8_16940
par_8_16942
par_8_16944
par_8_16946
par_8_16947
par_8_16948
par_8_16950
par_8_16989
par_8_16990
par_8_17007
par_8_17008
par_8_17009
par_8_17011
par_8_17025
par_8_17026
par_8_17027
par_8_17028
par_8_17035
par_8_17036
par_8_17037
par_8_17041
par_8_17042
par_8_17051
par_8_17052
par_8_17055
par_8_17056
par_8_17057
par_8_17058
par_8_17059
par_8_17061
par_8_17062
par_8_17074
par_8_17075
par_8_17076
par_8_17077
par_8_17078
par_8_17079
par_8_17080
par_8_17081
par_8_17082
par_8_17084
par_8_17086
par_8_17099
par_8_17110
par_8_17112
par_8_17113
par_8_17115
par_8_17126
par_8_17131
par_8_17132
par_8_17133
par_8_17142
par_8_17143
par_8_17144
par_8_17164
par_8_17170
par_8_17172
par_8_17207
par_8_17208
par_8_17210
par_8_17214
par_8_17224
par_8_17227
par_8_17229
par_8_17233
par_8_17234
par_8_17235
par_8_17236
par_8_17237
par_8_17238
par_8_17242
par_8_17244
par_8_17253
par_8_17254
par_8_17255
par_8_17256
par_8_17257
par_8_17258
par_8_17259
par_8_17260
par_8_17261
par_8_17262
par_8_17265
par_8_17266
par_8_17267
par_8_17269
par_8_17270
par_8_17275
par_8_17276
par_8_17300
par_8_17301
par_8_17303
par_8_17304
par_8_17305
par_8_17306
par_8_17308
par_8_17309
par_8_17311
par_8_17312
par_8_17313
par_8_17314
par_8_17315
par_8_17316
par_8_17317
par_8_17318
par_8_17319
par_8_17320
par_8_17324
par_8_17325
par_8_17327
par_8_17328
par_8_1733
par_8_17330
par_8_17331
par_8_17332
par_8_17333
par_8_17334
par_8_17335
par_8_17336
par_8_17338
par_8_1734
par_8_17345
par_8_17347
par_8_17348
par_8_17349
par_8_1735
par_8_17350
par_8_17351
par_8_17352
par_8_17354
par_8_17355
par_8_1736
par_8_17368
par_8_17369
par_8_1737
par_8_17384
par_8_17388
par_8_17389
par_8_17390
par_8_17391
par_8_17392
par_8_17393
par_8_17394
par_8_17398
par_8_17399
par_8_17404
par_8_17406
par_8_17407
par_8_17408
par_8_17409
par_8_17410
par_8_17411
par_8_17419
par_8_17420
par_8_17421
par_8_17422
par_8_17433
par_8_17435
par_8_17436
par_8_17437
par_8_17438
par_8_17439
par_8_17440
par_8_17441
par_8_17442
par_8_17443
par_8_17445
par_8_17446
par_8_17447
par_8_17448
par_8_17449
par_8_17450
par_8_17451
par_8_17452
par_8_17453
par_8_17457
par_8_17459
par_8_17460
par_8_17461
par_8_17470
par_8_17472
par_8_17474
par_8_17477
par_8_17478
par_8_17479
par_8_17480
par_8_17482
par_8_17484
par_8_17485
par_8_17486
par_8_17487
par_8_17489
par_8_17490
par_8_17491
par_8_17493
par_8_17494
par_8_17495
par_8_17496
par_8_17504
par_8_17507
par_8_17508
par_8_17510
par_8_17512
par_8_17513
par_8_17514
par_8_17516
par_8_17518
par_8_17519
par_8_17520
par_8_17521
par_8_17524
par_8_17526
par_8_17529
par_8_17530
par_8_17533
par_8_17535
par_8_17536
par_8_17538
par_8_17539
par_8_17540
par_8_17545
par_8_17546
par_8_17547
par_8_17548
par_8_17549
par_8_17550
par_8_17553
par_8_17566
par_8_17567
par_8_17568
par_8_17569
par_8_17570
par_8_17571
par_8_17572
par_8_17573
par_8_17574
par_8_17575
par_8_17576
par_8_17577
par_8_17578
par_8_17582
par_8_17585
par_8_17586
par_8_17593
par_8_17596
par_8_17597
par_8_17599
par_8_17600
par_8_17601
par_8_17602
par_8_17603
par_8_17604
par_8_17605
par_8_17606
par_8_17611
par_8_17613
par_8_17614
par_8_17615
par_8_17616
par_8_17617
par_8_17621
par_8_17626
par_8_17628
par_8_17629
par_8_17630
par_8_17631
par_8_17634
par_8_17635
par_8_17636
par_8_17641
par_8_17642
par_8_17643
par_8_17644
par_8_17646
par_8_17647
par_8_17649
par_8_17650
par_8_17651
par_8_17652
par_8_17653
par_8_17654
par_8_17655
par_8_17656
par_8_17657
par_8_17658
par_8_17659
par_8_17660
par_8_17664
par_8_17665
par_8_17666
par_8_17667
par_8_17676
par_8_17683
par_8_17684
par_8_17685
par_8_17687
par_8_17688
par_8_17690
par_8_17692
par_8_17693
par_8_17694
par_8_17699
par_8_17700
par_8_17701
par_8_17702
par_8_17703
par_8_17704
par_8_17705
par_8_17706
par_8_17711
par_8_17712
par_8_17713
par_8_17714
par_8_17718
par_8_17719
par_8_17721
par_8_17724
par_8_17725
par_8_17735
par_8_17736
par_8_17738
par_8_17742
par_8_17743
par_8_17744
par_8_17746
par_8_17752
par_8_17754
par_8_17757
par_8_17760
par_8_17764
par_8_17765
par_8_17767
par_8_17773
par_8_17774
par_8_17780
par_8_17781
par_8_17782
par_8_17790
par_8_17792
par_8_17793
par_8_17800
par_8_17802
par_8_17803
par_8_17804
par_8_17805
par_8_17806
par_8_17807
par_8_17808
par_8_17813
par_8_17814
par_8_17818
par_8_17825
par_8_17826
par_8_17832
par_8_17833
par_8_17834
par_8_17835
par_8_17837
par_8_17839
par_8_17840
par_8_17846
par_8_17849
par_8_17851
par_8_17852
par_8_17856
par_8_17857
par_8_17858
par_8_17859
par_8_1786
par_8_17860
par_8_17861
par_8_17862
par_8_17863
par_8_17864
par_8_17869
par_8_1787
par_8_17872
par_8_17873
par_8_17874
par_8_1788
par_8_17884
par_8_17888
par_8_1789
par_8_17891
par_8_17892
par_8_17895
par_8_17897
par_8_17898
par_8_1790
par_8_17901
par_8_17902
par_8_17907
par_8_17908
par_8_17909
par_8_17910
par_8_17911
par_8_17912
par_8_17914
par_8_17915
par_8_17917
par_8_17920
par_8_17923
par_8_17924
par_8_17925
par_8_17926
par_8_17929
par_8_17931
par_8_17933
par_8_17934
par_8_17935
par_8_17936
par_8_17937
par_8_17938
par_8_17939
par_8_17941
par_8_17942
par_8_17952
par_8_17953
par_8_17954
par_8_17955
par_8_17958
par_8_17960
par_8_17961
par_8_17964
par_8_17965
par_8_17966
par_8_17968
par_8_17969
par_8_17970
par_8_17971
par_8_17972
par_8_17981
par_8_17982
par_8_17983
par_8_17985
par_8_17986
par_8_17987
par_8_17988
par_8_17989
par_8_17990
par_8_17999
par_8_18000
par_8_18058
par_8_18060
par_8_18061
par_8_18062
par_8_18063
par_8_18064
par_8_18065
par_8_18066
par_8_18068
par_8_18070
par_8_18071
par_8_18072
par_8_18073
par_8_18074
par_8_18076
par_8_18077
par_8_18078
par_8_18079
par_8_18080
par_8_18081
par_8_18082
par_8_18085
par_8_18086
par_8_18088
par_8_18095
par_8_18096
par_8_18097
par_8_18098
par_8_18099
par_8_18100
par_8_18101
par_8_18102
par_8_18103
par_8_18104
par_8_18105
par_8_18106
par_8_18107
par_8_18113
par_8_18116
par_8_18117
par_8_18118
par_8_18120
par_8_18121
par_8_18122
par_8_18125
par_8_18130
par_8_18131
par_8_18137
par_8_18138
par_8_18139
par_8_18140
par_8_18148
par_8_18149
par_8_18155
par_8_18158
par_8_18159
par_8_18160
par_8_18161
par_8_18162
par_8_18163
par_8_18164
par_8_18165
par_8_18172
par_8_18173
par_8_18174
par_8_18175
par_8_18176
par_8_18177
par_8_18178
par_8_18179
par_8_18180
par_8_18181
par_8_18182
par_8_18183
par_8_18184
par_8_18185
par_8_18186
par_8_18187
par_8_18188
par_8_18189
par_8_18190
par_8_18206
par_8_18207
par_8_18216
par_8_18217
par_8_18218
par_8_18222
par_8_18223
par_8_18234
par_8_18235
par_8_18236
par_8_18237
par_8_18238
par_8_18241
par_8_18244
par_8_18251
par_8_18252
par_8_18254
par_8_18255
par_8_18256
par_8_18257
par_8_18258
par_8_18265
par_8_18266
par_8_18267
par_8_18268
par_8_18269
par_8_18270
par_8_18271
par_8_18272
par_8_18273
par_8_18275
par_8_18276
par_8_18279
par_8_18281
par_8_18282
par_8_18283
par_8_18284
par_8_18285
par_8_18286
par_8_18292
par_8_18293
par_8_18294
par_8_18295
par_8_18296
par_8_18297
par_8_18298
par_8_18299
par_8_18300
par_8_18301
par_8_18302
par_8_18303
par_8_18304
par_8_18305
par_8_18306
par_8_18307
par_8_18309
par_8_18310
par_8_18311
par_8_18312
par_8_18317
par_8_18318
par_8_18319
par_8_18320
par_8_18321
par_8_18322
par_8_18323
par_8_18324
par_8_18325
par_8_18326
par_8_18327
par_8_18328
par_8_18329
par_8_18331
par_8_18332
par_8_18335
par_8_18337
par_8_18338
par_8_18339
par_8_18340
par_8_18341
par_8_18348
par_8_18349
par_8_18350
par_8_18351
par_8_18352
par_8_18353
par_8_18354
par_8_18355
par_8_18361
par_8_18362
par_8_18365
par_8_18366
par_8_18367
par_8_18368
par_8_18369
par_8_18372
par_8_18373
par_8_18374
par_8_18375
par_8_18436
par_8_18437
par_8_18438
par_8_18439
par_8_18440
par_8_18443
par_8_18444
par_8_18445
par_8_18446
par_8_18447
par_8_18448
par_8_18454
par_8_18459
par_8_18460
par_8_18461
par_8_18462
par_8_18463
par_8_18464
par_8_18465
par_8_18467
par_8_18485
par_8_18486
par_8_18487
par_8_18488
par_8_18489
par_8_18490
par_8_18493
par_8_18494
par_8_18496
par_8_18497
par_8_18498
par_8_18500
par_8_18501
par_8_18510
par_8_18518
par_8_18519
par_8_18520
par_8_18527
par_8_18528
par_8_18529
par_8_18530
par_8_18531
par_8_18532
par_8_18534
par_8_18535
par_8_18536
par_8_18537
par_8_18538
par_8_18539
par_8_18540
par_8_18541
par_8_18542
par_8_18543
par_8_18544
par_8_18545
par_8_18546
par_8_18547
par_8_18548
par_8_18549
par_8_18550
par_8_18554
par_8_18555
par_8_18557
par_8_18568
par_8_18569
par_8_18570
par_8_18571
par_8_18572
par_8_18573
par_8_18574
par_8_18575
par_8_18577
par_8_18579
par_8_18580
par_8_18582
par_8_18583
par_8_18584
par_8_18587
par_8_18588
par_8_18589
par_8_18590
par_8_18591
par_8_18595
par_8_18596
par_8_18597
par_8_18598
par_8_18600
par_8_18601
par_8_18602
par_8_18603
par_8_18604
par_8_18605
par_8_18606
par_8_18607
par_8_18609
par_8_18610
par_8_18612
par_8_18613
par_8_18630
par_8_18631
par_8_18634
par_8_18635
par_8_18636
par_8_18637
par_8_18638
par_8_18639
par_8_18640
par_8_18641
par_8_18642
par_8_18643
par_8_18645
par_8_18646
par_8_18663
par_8_18664
par_8_18665
par_8_18666
par_8_18668
par_8_18669
par_8_18677
par_8_18678
par_8_18679
par_8_18680
par_8_18681
par_8_18687
par_8_18689
par_8_18690
par_8_18702
par_8_18708
par_8_18709
par_8_18712
par_8_18713
par_8_18714
par_8_18715
par_8_18717
par_8_18718
par_8_18719
par_8_18720
par_8_18721
par_8_18724
par_8_18725
par_8_18726
par_8_18727
par_8_18728
par_8_18729
par_8_18730
par_8_18731
par_8_18732
par_8_18733
par_8_18734
par_8_18735
par_8_18736
par_8_18737
par_8_18738
par_8_18739
par_8_18740
par_8_18741
par_8_18742
par_8_18743
par_8_18744
par_8_18745
par_8_18746
par_8_18747
par_8_18748
par_8_18749
par_8_18750
par_8_18751
par_8_18752
par_8_18753
par_8_18754
par_8_18755
par_8_18756
par_8_18757
par_8_18758
par_8_18763
par_8_18764
par_8_18765
par_8_18766
par_8_18767
par_8_18768
par_8_18769
par_8_18770
par_8_18777
par_8_18778
par_8_18779
par_8_18780
par_8_18781
par_8_18782
par_8_18783
par_8_18784
par_8_18785
par_8_18787
par_8_18789
par_8_18792
par_8_18793
par_8_18794
par_8_18795
par_8_18796
par_8_18797
par_8_18798
par_8_18801
par_8_18802
par_8_18803
par_8_18805
par_8_18806
par_8_18807
par_8_18808
par_8_18809
par_8_18810
par_8_18811
par_8_18812
par_8_18813
par_8_18814
par_8_18815
par_8_18816
par_8_18817
par_8_18819
par_8_18820
par_8_18821
par_8_18822
par_8_18823
par_8_18824
par_8_18825
par_8_18828
par_8_18829
par_8_18831
par_8_18832
par_8_18833
par_8_18834
par_8_18835
par_8_18836
par_8_18837
par_8_18838
par_8_18842
par_8_18843
par_8_18844
par_8_18845
par_8_18846
par_8_18847
par_8_18848
par_8_18850
par_8_18851
par_8_18853
par_8_18854
par_8_18855
par_8_18860
par_8_18861
par_8_18862
par_8_18863
par_8_18864
par_8_18865
par_8_18866
par_8_18867
par_8_18869
par_8_18871
par_8_18872
par_8_18873
par_8_18874
par_8_18875
par_8_18876
par_8_18877
par_8_18878
par_8_18880
par_8_18881
par_8_18882
par_8_18883
par_8_18884
par_8_18885
par_8_18886
par_8_18887
par_8_18891
par_8_18892
par_8_18893
par_8_18894
par_8_18895
par_8_18896
par_8_18897
par_8_18899
par_8_18900
par_8_18901
par_8_18902
par_8_18903
par_8_18904
par_8_18905
par_8_18906
par_8_18911
par_8_18912
par_8_18913
par_8_18914
par_8_18915
par_8_18916
par_8_18917
par_8_18918
par_8_18919
par_8_18920
par_8_18924
par_8_18926
par_8_18927
par_8_18928
par_8_18929
par_8_18930
par_8_18931
par_8_18933
par_8_18934
par_8_18935
par_8_18936
par_8_18948
par_8_18954
par_8_18956
par_8_18965
par_8_18970
par_8_18973
par_8_18974
par_8_18975
par_8_18976
par_8_18977
par_8_18978
par_8_18979
par_8_18981
par_8_18982
par_8_18983
par_8_18984
par_8_18991
par_8_18992
par_8_18993
par_8_18994
par_8_18995
par_8_18996
par_8_18997
par_8_18999
par_8_19000
par_8_19001
par_8_19002
par_8_19003
par_8_19004
par_8_19005
par_8_19008
par_8_19009
par_8_19012
par_8_19013
par_8_19049
par_8_19050
par_8_19078
par_8_19079
par_8_19080
par_8_19081
par_8_19082
par_8_19083
par_8_19084
par_8_19095
par_8_19096
par_8_19097
par_8_19098
par_8_19099
par_8_19102
par_8_19103
par_8_19108
par_8_19109
par_8_19110
par_8_19111
par_8_19112
par_8_19113
par_8_19114
par_8_19117
par_8_19118
par_8_19119
par_8_19120
par_8_19121
par_8_19122
par_8_19123
par_8_19125
par_8_19128
par_8_19133
par_8_19135
par_8_19136
par_8_19137
par_8_19154
par_8_19156
par_8_19157
par_8_1917
par_8_19172
par_8_19173
par_8_19175
par_8_19177
par_8_19178
par_8_19179
par_8_19182
par_8_19185
par_8_19186
par_8_19187
par_8_19188
par_8_19190
par_8_19191
par_8_19193
par_8_19194
par_8_19195
par_8_19196
par_8_19197
par_8_19198
par_8_19200
par_8_19201
par_8_19202
par_8_19203
par_8_19204
par_8_19205
par_8_19206
par_8_19207
par_8_19209
par_8_19210
par_8_19212
par_8_19213
par_8_19214
par_8_19215
par_8_19216
par_8_19217
par_8_19218
par_8_19224
par_8_19225
par_8_19226
par_8_19227
par_8_19236
par_8_19239
par_8_19240
par_8_19243
par_8_19244
par_8_19245
par_8_19246
par_8_19247
par_8_19249
par_8_19256
par_8_19257
par_8_19260
par_8_19261
par_8_19262
par_8_19263
par_8_19264
par_8_19265
par_8_19266
par_8_19267
par_8_19268
par_8_19269
par_8_1927
par_8_19270
par_8_19271
par_8_19272
par_8_19273
par_8_19274
par_8_19275
par_8_19279
par_8_19285
par_8_19286
par_8_19287
par_8_19289
par_8_19290
par_8_19293
par_8_19294
par_8_19300
par_8_19301
par_8_19305
par_8_19306
par_8_19307
par_8_19308
par_8_19309
par_8_19310
par_8_19311
par_8_19312
par_8_19315
par_8_19316
par_8_19317
par_8_19320
par_8_19344
par_8_19345
par_8_19346
par_8_19350
par_8_19351
par_8_19375
par_8_19376
par_8_19377
par_8_19382
par_8_19384
par_8_19385
par_8_19386
par_8_19387
par_8_19390
par_8_19391
par_8_19392
par_8_19393
par_8_19394
par_8_19395
par_8_19396
par_8_19397
par_8_19398
par_8_19399
par_8_19400
par_8_19402
par_8_19405
par_8_19407
par_8_19408
par_8_19410
par_8_19411
par_8_19412
par_8_19413
par_8_19414
par_8_19415
par_8_19420
par_8_19427
par_8_19428
par_8_19429
par_8_19430
par_8_19431
par_8_19432
par_8_19433
par_8_19434
par_8_19435
par_8_19437
par_8_19438
par_8_19439
par_8_19440
par_8_19441
par_8_19445
par_8_19517
par_8_19696
par_8_1985
par_8_19869
par_8_19870
par_8_19874
par_8_19875
par_8_19877
par_8_19878
par_8_19879
par_8_19880
par_8_19881
par_8_19882
par_8_19884
par_8_19886
par_8_19887
par_8_19890
par_8_19891
par_8_19892
par_8_19893
par_8_19894
par_8_19895
par_8_19896
par_8_19897
par_8_19898
par_8_19901
par_8_19904
par_8_19905
par_8_19906
par_8_19907
par_8_19908
par_8_19909
par_8_19910
par_8_19911
par_8_19913
par_8_19914
par_8_19915
par_8_19916
par_8_19917
par_8_19918
par_8_19926
par_8_19927
par_8_19931
par_8_19932
par_8_19933
par_8_19940
par_8_19941
par_8_19942
par_8_19943
par_8_20014
par_8_20018
par_8_20019
par_8_20020
par_8_20024
par_8_20025
par_8_20032
par_8_20033
par_8_20034
par_8_20035
par_8_20036
par_8_20037
par_8_20038
par_8_20039
par_8_20040
par_8_20041
par_8_20042
par_8_20043
par_8_20044
par_8_20045
par_8_20046
par_8_20094
par_8_20095
par_8_20098
par_8_20099
par_8_20100
par_8_20101
par_8_20103
par_8_20104
par_8_20105
par_8_20106
par_8_20107
par_8_20108
par_8_20112
par_8_20114
par_8_20115
par_8_20116
par_8_20117
par_8_20118
par_8_20119
par_8_20120
par_8_20123
par_8_20126
par_8_20127
par_8_20150
par_8_20152
par_8_20153
par_8_20154
par_8_20155
par_8_20156
par_8_20157
par_8_20158
par_8_20159
par_8_20160
par_8_20161
par_8_20163
par_8_20164
par_8_20165
par_8_20166
par_8_20167
par_8_20172
par_8_20173
par_8_20174
par_8_20175
par_8_20176
par_8_20183
par_8_20184
par_8_20185
par_8_20186
par_8_20187
par_8_20188
par_8_20189
par_8_20190
par_8_20191
par_8_20192
par_8_20193
par_8_20194
par_8_20195
par_8_20196
par_8_20197
par_8_20198
par_8_20199
par_8_20200
par_8_20201
par_8_20202
par_8_20203
par_8_20204
par_8_20205
par_8_20212
par_8_20217
par_8_20218
par_8_20219
par_8_20220
par_8_20221
par_8_20222
par_8_20229
par_8_20230
par_8_20235
par_8_20236
par_8_20237
par_8_20238
par_8_20239
par_8_20240
par_8_20241
par_8_20264
par_8_20265
par_8_20266
par_8_20268
par_8_20273
par_8_20274
par_8_20278
par_8_20279
par_8_20280
par_8_20281
par_8_20286
par_8_20287
par_8_20288
par_8_20289
par_8_20290
par_8_20291
par_8_20292
par_8_20293
par_8_20294
par_8_20295
par_8_20299
par_8_20300
par_8_20302
par_8_20303
par_8_20304
par_8_20305
par_8_20306
par_8_20308
par_8_20309
par_8_20310
par_8_20311
par_8_20313
par_8_20314
par_8_20315
par_8_20318
par_8_2125
par_8_2178
par_8_2255
par_8_2257
par_8_2258
par_8_2259
par_8_2260
par_8_2262
par_8_23
par_8_2325
par_8_2411
par_8_2412
par_8_2419
par_8_242
par_8_243
par_8_2438
par_8_2439
par_8_244
par_8_2440
par_8_2441
par_8_2442
par_8_2443
par_8_2444
par_8_245
par_8_2453
par_8_2463
par_8_248
par_8_250
par_8_252
par_8_2535
par_8_2538
par_8_2539
par_8_2543
par_8_2548
par_8_2555
par_8_2611
par_8_2612
par_8_2613
par_8_2653
par_8_2654
par_8_2655
par_8_2657
par_8_2658
par_8_2659
par_8_2662
par_8_2663
par_8_2666
par_8_2667
par_8_2672
par_8_2673
par_8_2843
par_8_2844
par_8_2916
par_8_3016
par_8_3017
par_8_3018
par_8_3019
par_8_3182
par_8_3183
par_8_3184
par_8_3185
par_8_3186
par_8_3201
par_8_3252
par_8_3253
par_8_3261
par_8_3265
par_8_3287
par_8_3350
par_8_3351
par_8_3352
par_8_3353
par_8_3386
par_8_3399
par_8_3429
par_8_3430
par_8_3431
par_8_3432
par_8_3433
par_8_3434
par_8_3440
par_8_3443
par_8_3444
par_8_3447
par_8_3448
par_8_3449
par_8_3450
par_8_3451
par_8_3486
par_8_3488
par_8_3490
par_8_3494
par_8_3499
par_8_355
par_8_356
par_8_3566
par_8_357
par_8_358
par_8_359
par_8_3592
par_8_360
par_8_3600
par_8_3601
par_8_3602
par_8_3603
par_8_3604
par_8_3605
par_8_3606
par_8_361
par_8_362
par_8_3670
par_8_3715
par_8_3716
par_8_3718
par_8_378
par_8_3780
par_8_3781
par_8_3782
par_8_3783
par_8_3784
par_8_3785
par_8_379
par_8_3817
par_8_3818
par_8_3819
par_8_3820
par_8_3840
par_8_3858
par_8_3868
par_8_3881
par_8_3882
par_8_3918
par_8_3933
par_8_3984
par_8_3985
par_8_3994
par_8_3995
par_8_4012
par_8_4013
par_8_4019
par_8_4020
par_8_405
par_8_406
par_8_4070
par_8_4128
par_8_4210
par_8_4230
par_8_4265
par_8_4283
par_8_4301
par_8_4303
par_8_4309
par_8_4311
par_8_4333
par_8_4375
par_8_4376
par_8_4377
par_8_4378
par_8_4379
par_8_4380
par_8_4395
par_8_4396
par_8_4400
par_8_4507
par_8_4509
par_8_4546
par_8_4547
par_8_4548
par_8_4549
par_8_4552
par_8_4611
par_8_4612
par_8_4613
par_8_4636
par_8_4637
par_8_4651
par_8_4662
par_8_4663
par_8_4664
par_8_4665
par_8_4770
par_8_4783
par_8_4784
par_8_4789
par_8_4790
par_8_4793
par_8_4795
par_8_4915
par_8_4916
par_8_4917
par_8_4921
par_8_4922
par_8_4980
par_8_4982
par_8_4983
par_8_50000
par_8_50001
par_8_50002
par_8_50003
par_8_50004
par_8_50005
par_8_50006
par_8_50007
par_8_50008
par_8_50009
par_8_5023
par_8_5046
par_8_5085
par_8_5086
par_8_5094
par_8_5108
par_8_5109
par_8_5150
par_8_5321
par_8_5322
par_8_5345
par_8_5349
par_8_5380
par_8_5395
par_8_5396
par_8_5403
par_8_5523
par_8_5598
par_8_5600
par_8_5617
par_8_5623
par_8_5662
par_8_5687
par_8_5704
par_8_5718
par_8_5747
par_8_578
par_8_579
par_8_5793
par_8_580
par_8_581
par_8_5827
par_8_5856
par_8_589
par_8_599
par_8_600
par_8_603
par_8_604
par_8_607
par_8_608
par_8_609
par_8_627
par_8_660
par_8_661
par_8_662
par_8_663
par_8_667
par_8_740
par_8_857
par_8_871
par_8_872
par_8_873
par_8_874
par_8_881
par_8_885
par_8_892
par_8_893
par_8_900
par_8_910
par_8_93
par_8_955
par_8_978
par_8_979
par_8_980
par_8_981
par_8_982
par_8_983
par_8_984
par_8_985
par_8_99301
par_8_99303
par_8_99305
par_8_99976
